0.261, 0.028, 0.007, 0.024, 0.023
0.307, 0.039, 0.034, 0.036, 0.048
0.232, 0.039, 0.01, 0.03, 0.028
0.235, 0.027, 0.009, 0.027, 0.025
0.296, 0.035, 0.009, 0.023, 0.027
0.219, 0.034, 0.007, 0.03, 0.024
0.277, 0.018, 0.007, 0.046, 0.037
0.352, 0.04, 0.041, 0.067, 0.08
0.231, 0.032, 0.01, 0.029, 0.031
0.281, 0.037, 0.009, 0.037, 0.039
0.343, 0.04, 0.011, 0.049, 0.054
0.321, 0.037, 0.022, 0.033, 0.032
0.306, 0.03, 0.009, 0.032, 0.038
0.319, 0.039, 0.022, 0.035, 0.044
0.225, 0.023, 0.011, 0.03, 0.027
0.307, 0.052, 0.01, 0.056, 0.04
0.278, 0.034, 0.012, 0.041, 0.035
0.315, 0.02, 0.011, 0.034, 0.028
0.297, 0.053, 0.011, 0.04, 0.04
0.244, 0.032, 0.013, 0.032, 0.032
0.216, 0.023, 0.01, 0.028, 0.029
0.303, 0.032, 9.191, 0.097, 0.101
0.335, 0.051, 0.015, 0.038, 0.04
0.241, 0.12, 0.013, 0.046, 0.06
0.39, 0.032, 0.012, 0.063, 0.081
0.3, 0.031, 0.01, 0.033, 0.038
0.215, 0.054, 0.008, 0.025, 0.023
0.395, 0.038, 0.008, 0.055, 0.068
0.286, 0.054, 0.013, 0.038, 0.045
0.217, 0.037, 0.008, 0.024, 0.022
0.221, 0.059, 0.01, 0.029, 0.027
0.278, 0.049, 0.009, 0.036, 0.039
0.218, 0.042, 0.008, 0.025, 0.047
0.217, 0.049, 0.008, 0.026, 0.043
0.366, 0.051, 0.009, 0.048, 0.058
0.207, 0.036, 0.008, 0.046, 0.029
0.285, 0.064, 0.007, 0.048, 0.047
0.323, 0.074, 0.02, 0.056, 0.062
0.372, 0.047, 0.011, 0.03, 0.031
0.225, 0.044, 0.01, 0.05, 0.029
0.408, 0.072, 0.011, 0.058, 0.064
0.244, 0.058, 0.009, 0.029, 0.028
0.342, 0.066, 0.009, 0.043, 0.049
0.278, 0.059, 0.008, 0.025, 0.027
0.242, 0.053, 0.007, 0.025, 0.022
0.294, 0.057, 0.007, 0.031, 0.035
0.262, 0.064, 0.021, 0.025, 0.024
0.306, 0.049, 0.007, 0.038, 0.044
0.23, 0.065, 0.007, 0.026, 0.025
0.276, 0.062, 0.013, 0.035, 0.04
0.322, 0.049, 0.009, 0.041, 0.049
0.266, 0.04, 0.008, 0.033, 0.038
0.238, 0.055, 0.008, 0.026, 0.026
0.223, 0.05, 0.007, 0.025, 0.025
0.299, 0.053, 0.007, 0.039, 0.047
0.293, 0.059, 0.022, 0.04, 0.052
0.227, 0.072, 0.012, 0.036, 0.034
0.223, 0.056, 0.01, 0.027, 0.027
0.285, 0.076, 0.023, 0.041, 0.063
0.225, 0.045, 0.011, 0.031, 0.032
0.34, 0.06, 0.011, 0.051, 0.07
0.293, 0.639, 0.034, 0.05, 0.074
0.684, 0.066, 0.012, 0.034, 0.034
0.35, 0.057, 0.011, 0.06, 0.072
0.288, 0.062, 0.009, 0.049, 0.042
0.225, 0.038, 0.009, 0.027, 0.028
0.287, 0.048, 0.007, 0.039, 0.038
0.236, 0.055, 0.009, 0.03, 0.029
0.225, 0.047, 0.009, 0.028, 0.029
0.365, 0.049, 0.007, 0.056, 0.059
0.278, 0.053, 0.008, 0.051, 0.04
0.251, 0.074, 0.013, 0.041, 0.034
0.339, 0.052, 0.011, 0.055, 0.073
0.645, 0.059, 0.012, 0.115, 0.135
0.754, 0.041, 0.01, 0.033, 0.033
0.239, 0.053, 0.01, 0.036, 0.033
0.321, 0.151, 0.013, 0.052, 0.06
0.21, 0.038, 0.029, 0.032, 0.029
0.36, 0.051, 0.011, 0.07, 0.063
0.731, 0.043, 0.028, 0.103, 0.139
0.586, 0.038, 0.009, 0.028, 0.03
0.434, 0.053, 0.008, 0.058, 0.077
0.43, 0.058, 0.022, 0.065, 0.103
0.319, 0.035, 0.011, 0.023, 0.03
0.445, 0.054, 0.009, 0.06, 0.081
0.463, 0.07, 0.017, 0.07, 0.092
0.33, 0.046, 0.021, 0.031, 0.028
0.522, 0.06, 0.009, 0.067, 0.083
0.402, 0.061, 0.013, 0.048, 0.066
0.222, 0.059, 0.011, 0.041, 0.029
0.227, 0.057, 0.011, 0.038, 0.038
0.24, 0.06, 0.022, 0.043, 0.042
0.242, 0.049, 0.011, 0.031, 0.029
0.259, 0.048, 0.008, 0.034, 0.037
0.378, 0.05, 0.01, 0.051, 0.063
0.195, 0.033, 0.009, 0.031, 0.029
0.228, 0.048, 0.007, 0.028, 0.025
0.376, 0.056, 0.01, 0.057, 0.07
0.213, 0.033, 0.009, 0.031, 0.029
0.202, 0.058, 0.008, 0.026, 0.024
0.428, 0.061, 0.013, 0.079, 0.132
0.405, 0.049, 0.01, 0.026, 0.038
0.217, 0.065, 0.01, 0.04, 0.035
0.263, 0.052, 0.013, 0.042, 0.043
0.272, 0.048, 0.007, 0.028, 0.025
0.251, 0.064, 0.007, 0.034, 0.037
0.323, 0.064, 0.019, 0.048, 0.05
0.217, 0.046, 0.013, 0.03, 0.033
0.229, 0.058, 0.01, 0.042, 0.029
0.228, 0.073, 0.011, 0.033, 0.033
0.222, 0.061, 0.01, 0.039, 0.036
0.262, 0.053, 0.009, 0.045, 0.04
0.229, 0.066, 0.012, 0.03, 0.032
0.236, 0.049, 0.008, 0.025, 0.026
0.215, 0.051, 0.008, 0.026, 0.025
0.339, 0.06, 0.01, 0.042, 0.05
0.221, 0.037, 0.01, 0.033, 0.028
0.207, 0.046, 0.007, 0.029, 0.029
0.321, 0.049, 0.013, 0.054, 0.058
0.212, 0.038, 0.009, 0.025, 0.025
0.399, 0.068, 0.009, 0.062, 0.078
0.232, 0.053, 0.011, 0.03, 0.027
0.201, 0.047, 0.008, 0.029, 0.024
0.29, 0.059, 0.008, 0.045, 0.047
0.226, 0.065, 0.009, 0.031, 0.027
0.209, 0.047, 0.008, 0.027, 0.023
0.431, 0.046, 0.009, 0.065, 0.08
0.287, 0.053, 0.01, 0.037, 0.039
0.224, 0.041, 0.007, 0.027, 0.024
0.206, 0.048, 0.007, 0.028, 0.024
0.266, 0.056, 0.009, 0.032, 0.027
0.207, 0.047, 0.008, 0.028, 0.023
0.21, 0.04, 0.008, 0.029, 0.024
0.287, 0.075, 0.012, 0.041, 0.041
0.224, 0.038, 0.007, 0.026, 0.025
0.224, 0.047, 0.007, 0.028, 0.024
0.319, 0.05, 0.009, 0.043, 0.047
0.216, 0.035, 0.007, 0.022, 0.023
0.216, 0.061, 0.009, 0.027, 0.026
0.238, 0.058, 0.016, 0.03, 0.034
0.216, 0.045, 0.009, 0.027, 0.025
0.216, 0.046, 0.007, 0.024, 0.037
0.318, 0.046, 0.008, 0.041, 0.049
0.201, 0.038, 0.007, 0.026, 0.022
0.28, 0.048, 0.007, 0.049, 0.044
0.295, 0.049, 0.008, 0.038, 0.045
0.207, 0.037, 0.007, 0.025, 0.023
0.292, 0.055, 0.007, 0.044, 0.046
0.242, 0.057, 0.017, 0.04, 0.036
0.208, 0.05, 0.011, 0.036, 0.032
0.246, 0.058, 0.011, 0.048, 0.051
0.354, 0.057, 0.014, 0.061, 0.065
0.228, 0.04, 0.01, 0.036, 0.034
0.264, 0.065, 0.011, 0.046, 0.052
0.235, 0.056, 0.013, 0.035, 0.035
0.214, 0.049, 0.01, 0.036, 0.032
0.217, 0.053, 0.011, 0.042, 0.033
0.236, 0.055, 0.012, 0.038, 0.035
0.231, 0.049, 0.026, 0.037, 0.032
0.215, 0.051, 0.01, 0.048, 0.035
0.475, 0.052, 0.012, 0.061, 0.072
0.219, 0.038, 0.01, 0.034, 0.033
0.263, 0.046, 0.011, 0.059, 0.05
0.238, 0.05, 0.012, 0.038, 0.034
0.21, 0.046, 0.01, 0.038, 0.031
0.256, 0.044, 0.011, 0.06, 0.052
0.458, 0.08, 0.022, 0.074, 0.099
0.249, 0.036, 0.009, 0.028, 0.027
0.233, 0.044, 0.007, 0.029, 0.022
0.356, 0.051, 0.012, 0.045, 0.052
0.305, 0.045, 0.007, 0.029, 0.023
0.232, 0.044, 0.008, 0.028, 0.024
0.295, 0.057, 0.012, 0.033, 0.029
0.219, 0.047, 0.007, 0.028, 0.024
0.392, 0.062, 0.012, 0.074, 0.103
0.335, 0.052, 0.011, 0.045, 0.052
0.206, 0.036, 0.007, 0.021, 0.022
0.341, 0.042, 0.007, 0.041, 0.045
0.325, 0.053, 0.012, 0.042, 0.051
0.215, 0.037, 0.008, 0.026, 0.024
0.409, 0.041, 0.007, 0.056, 0.069
0.23, 0.057, 0.013, 0.03, 0.034
0.211, 0.049, 0.009, 0.029, 0.025
0.235, 0.047, 0.008, 0.035, 0.036
0.401, 0.055, 0.013, 0.055, 0.057
0.212, 0.037, 0.01, 0.032, 0.025
0.262, 0.052, 0.009, 0.038, 0.039
0.284, 0.057, 0.011, 0.037, 0.038
0.23, 0.047, 0.01, 0.033, 0.027
0.211, 0.046, 0.007, 0.025, 0.023
0.235, 0.051, 0.009, 0.028, 0.025
0.209, 0.036, 0.008, 0.023, 0.023
0.235, 0.044, 0.007, 0.026, 0.023
0.345, 0.052, 0.01, 0.035, 0.039
0.217, 0.048, 0.008, 0.027, 0.025
0.211, 0.044, 0.007, 0.025, 0.024
0.236, 0.057, 0.011, 0.027, 0.03
0.2, 0.046, 0.007, 0.025, 0.023
0.206, 0.042, 0.007, 0.026, 0.022
0.214, 0.046, 0.008, 0.025, 0.024
0.204, 0.044, 0.007, 0.025, 0.023
0.204, 0.042, 0.007, 0.024, 0.023
0.226, 0.053, 0.016, 0.028, 0.034
0.218, 0.05, 0.009, 0.026, 0.024
0.249, 0.043, 0.008, 0.026, 0.025
0.218, 0.05, 0.011, 0.026, 0.028
0.202, 0.044, 0.009, 0.025, 0.024
0.403, 0.045, 0.009, 0.058, 0.096
0.227, 0.051, 0.014, 0.031, 0.032
0.215, 0.048, 0.008, 0.027, 0.024
0.262, 0.046, 0.008, 0.037, 0.034
0.221, 0.049, 0.009, 0.029, 0.026
0.225, 0.048, 0.008, 0.027, 0.024
0.432, 0.057, 0.009, 0.065, 0.081
0.233, 0.058, 0.034, 0.034, 0.049
0.207, 0.037, 0.01, 0.026, 0.025
0.273, 0.046, 0.009, 0.038, 0.049
0.339, 0.053, 0.014, 0.043, 0.056
0.201, 0.039, 0.01, 0.027, 0.032
0.307, 0.045, 0.01, 0.041, 0.05
0.252, 0.067, 0.032, 0.05, 0.048
0.211, 0.043, 0.013, 0.034, 0.033
0.291, 0.046, 0.011, 0.047, 0.062
0.324, 0.054, 0.023, 0.047, 0.061
0.21, 0.032, 0.008, 0.024, 0.023
0.309, 0.045, 0.009, 0.041, 0.047
0.317, 0.055, 0.011, 0.041, 0.061
0.235, 0.034, 0.007, 0.023, 0.023
0.236, 0.048, 0.011, 0.035, 0.033
0.382, 0.051, 0.013, 0.057, 0.065
0.212, 0.039, 0.01, 0.034, 0.033
0.22, 0.046, 0.01, 0.037, 0.034
0.238, 0.056, 0.016, 0.041, 0.04
0.279, 0.046, 0.012, 0.052, 0.06
0.204, 0.04, 0.01, 0.034, 0.032
0.265, 0.06, 0.017, 0.034, 0.037
0.325, 0.048, 0.009, 0.045, 0.072
0.206, 0.037, 0.009, 0.026, 0.025
0.221, 0.05, 0.009, 0.03, 0.028
0.212, 0.044, 0.007, 0.027, 0.023
0.198, 0.043, 0.007, 0.026, 0.023
0.31, 0.051, 0.012, 0.044, 0.052
0.201, 0.043, 0.008, 0.028, 0.024
0.214, 0.044, 0.007, 0.028, 0.024
0.282, 0.062, 0.014, 0.033, 0.032
0.202, 0.046, 0.008, 0.027, 0.024
0.322, 0.049, 0.009, 0.048, 0.057
0.346, 0.053, 0.01, 0.045, 0.051
0.223, 0.082, 0.007, 0.029, 0.025
0.3, 0.048, 0.007, 0.045, 0.045
0.322, 0.056, 0.012, 0.044, 0.052
0.216, 0.035, 0.008, 0.024, 0.027
0.343, 0.045, 0.007, 0.053, 0.058
0.219, 0.051, 0.01, 0.036, 0.026
0.205, 0.047, 0.008, 0.028, 0.026
0.212, 0.044, 0.007, 0.027, 0.023
0.307, 0.052, 0.01, 0.047, 0.052
0.203, 0.036, 0.007, 0.025, 0.023
0.199, 0.044, 0.007, 0.027, 0.023
0.292, 0.055, 0.015, 0.046, 0.057
0.214, 0.036, 0.009, 0.027, 0.024
0.281, 0.045, 0.008, 0.042, 0.045
0.326, 0.051, 0.011, 0.033, 0.026
0.207, 0.045, 0.007, 0.029, 0.024
0.315, 0.044, 0.008, 0.045, 0.046
0.335, 0.051, 0.011, 0.048, 0.055
0.21, 0.039, 0.008, 0.026, 0.025
0.327, 0.046, 0.008, 0.049, 0.055
0.318, 0.052, 0.011, 0.044, 0.051
0.227, 0.038, 0.007, 0.026, 0.023
0.268, 0.045, 0.007, 0.036, 0.034
0.39, 0.061, 0.013, 0.048, 0.055
0.24, 0.04, 0.009, 0.035, 0.026
0.366, 0.045, 0.009, 0.051, 0.059
0.25, 0.06, 0.015, 0.033, 0.033
0.215, 0.049, 0.008, 0.028, 0.024
0.249, 0.043, 0.008, 0.034, 0.034
0.254, 0.079, 0.016, 0.054, 0.038
0.232, 0.044, 0.02, 0.033, 0.029
0.239, 0.059, 0.009, 0.033, 0.028
0.291, 0.072, 0.014, 0.042, 0.044
0.215, 0.031, 0.011, 0.028, 0.026
0.26, 0.041, 0.007, 0.034, 0.036
0.257, 0.058, 0.012, 0.034, 0.031
0.225, 0.039, 0.009, 0.027, 0.03
0.224, 0.041, 0.008, 0.027, 0.026
0.281, 0.049, 0.008, 0.04, 0.038
0.214, 0.044, 0.007, 0.026, 0.023
0.258, 0.04, 0.007, 0.035, 0.034
0.427, 0.073, 0.017, 0.077, 0.098
0.33, 0.079, 0.011, 0.04, 0.028
0.22, 0.039, 0.01, 0.032, 0.033
0.423, 0.064, 0.031, 0.08, 0.086
0.349, 0.06, 0.011, 0.037, 0.032
0.189, 0.04, 0.011, 0.027, 0.036
0.383, 0.074, 0.013, 0.066, 0.074
0.217, 0.109, 0.011, 0.041, 0.039
0.229, 0.042, 0.01, 0.041, 0.034
0.391, 0.069, 0.023, 0.063, 0.076
0.255, 0.043, 0.012, 0.034, 0.034
0.201, 0.048, 0.012, 0.039, 0.033
0.307, 0.12, 0.013, 0.035, 0.029
0.285, 0.065, 0.012, 0.043, 0.035
0.222, 0.071, 0.013, 0.041, 0.033
0.283, 0.077, 0.015, 0.039, 0.036
0.223, 0.043, 0.009, 0.03, 0.029
0.263, 0.054, 0.009, 0.039, 0.04
0.271, 0.059, 0.015, 0.04, 0.039
0.233, 0.052, 0.011, 0.033, 0.033
0.314, 0.054, 0.011, 0.053, 0.058
0.243, 0.061, 0.014, 0.039, 0.036
0.224, 0.055, 0.01, 0.027, 0.029
0.273, 0.052, 0.009, 0.035, 0.037
0.364, 0.073, 0.012, 0.058, 0.063
0.234, 0.047, 0.012, 0.034, 0.035
0.255, 0.051, 0.01, 0.045, 0.045
0.401, 0.061, 0.015, 0.067, 0.071
0.206, 0.075, 0.011, 0.025, 0.027
0.278, 0.061, 0.012, 0.05, 0.054
0.394, 0.069, 0.015, 0.052, 0.057
0.236, 0.052, 0.015, 0.036, 0.034
0.229, 0.053, 0.009, 0.024, 0.026
0.366, 0.067, 0.014, 0.046, 0.068
0.224, 0.033, 0.009, 0.029, 0.03
0.215, 0.051, 0.009, 0.024, 0.025
0.244, 0.059, 0.01, 0.028, 0.028
0.227, 0.076, 0.013, 0.042, 0.035
0.376, 0.055, 0.009, 0.052, 0.081
0.249, 0.082, 0.014, 0.041, 0.036
0.211, 0.043, 0.009, 0.02, 0.03
0.308, 0.054, 0.024, 0.056, 0.062
0.23, 0.065, 0.014, 0.038, 0.036
0.226, 0.059, 0.011, 0.038, 0.034
0.4, 0.056, 0.011, 0.072, 0.081
0.246, 0.083, 0.019, 0.044, 0.044
0.269, 0.054, 0.011, 0.034, 0.033
0.368, 0.057, 0.011, 0.068, 0.079
0.31, 0.082, 0.015, 0.045, 0.079
0.225, 0.048, 0.011, 0.033, 0.033
0.222, 0.06, 0.01, 0.034, 0.031
0.319, 0.07, 0.03, 0.04, 0.045
0.247, 0.053, 0.008, 0.025, 0.023
0.424, 0.049, 0.007, 0.054, 0.069
0.25, 0.076, 0.032, 0.04, 0.036
0.244, 0.059, 0.011, 0.034, 0.032
0.219, 0.055, 0.01, 0.032, 0.031
0.24, 0.065, 0.011, 0.029, 0.042
0.238, 0.051, 0.008, 0.025, 0.023
0.213, 0.051, 0.008, 0.025, 0.024
0.24, 0.071, 0.014, 0.039, 0.051
0.232, 0.059, 0.011, 0.034, 0.032
0.32, 0.06, 0.011, 0.06, 0.072
0.325, 0.087, 0.013, 0.036, 0.031
0.247, 0.048, 0.011, 0.032, 0.03
0.299, 0.053, 0.009, 0.05, 0.048
0.524, 0.172, 0.017, 0.081, 0.106
0.468, 0.052, 0.011, 0.042, 0.033
0.388, 0.043, 0.011, 0.059, 0.077
0.354, 0.065, 0.014, 0.032, 0.033
0.262, 0.068, 0.01, 0.03, 0.026
0.271, 0.059, 0.011, 0.034, 0.038
0.513, 0.073, 0.016, 0.111, 0.111
0.395, 0.13, 0.011, 0.038, 0.031
0.233, 0.042, 0.009, 0.031, 0.03
0.454, 0.06, 0.013, 0.075, 0.078
0.244, 0.082, 0.01, 0.032, 0.024
0.275, 0.05, 0.02, 0.033, 0.035
0.27, 0.08, 0.013, 0.045, 0.031
0.285, 0.05, 0.008, 0.026, 0.031
0.207, 0.04, 0.008, 0.03, 0.04
0.481, 0.161, 0.023, 0.074, 0.104
0.476, 0.048, 0.012, 0.033, 0.048
0.233, 0.045, 0.011, 0.03, 0.032
0.632, 0.104, 0.014, 0.095, 0.12
0.545, 0.07, 0.01, 0.036, 0.032
0.293, 0.045, 0.01, 0.04, 0.046
0.287, 0.064, 0.014, 0.039, 0.034
0.262, 0.064, 0.011, 0.032, 0.031
0.415, 0.06, 0.01, 0.069, 0.103
0.638, 0.061, 0.029, 0.111, 0.122
0.632, 0.057, 0.011, 0.031, 0.032
0.38, 0.047, 0.009, 0.058, 0.068
0.432, 0.058, 0.026, 0.08, 0.092
0.45, 0.052, 0.012, 0.037, 0.035
0.457, 0.059, 0.012, 0.077, 0.102
0.352, 0.067, 0.021, 0.046, 0.046
0.22, 0.044, 0.012, 0.031, 0.032
0.324, 0.058, 0.009, 0.053, 0.059
0.461, 0.064, 0.021, 0.077, 0.091
0.372, 0.046, 0.012, 0.04, 0.033
0.319, 0.045, 0.011, 0.054, 0.063
0.554, 0.144, 0.016, 0.091, 0.123
0.654, 0.087, 0.012, 0.04, 0.039
0.49, 0.057, 0.011, 0.059, 0.092
0.312, 0.078, 0.015, 0.052, 0.05
0.279, 0.056, 0.013, 0.048, 0.05
0.231, 0.056, 0.011, 0.035, 0.033
0.52, 0.077, 0.016, 0.085, 0.112
0.47, 0.088, 0.012, 0.053, 0.053
0.303, 0.054, 0.01, 0.031, 0.033
0.313, 0.076, 0.016, 0.045, 0.048
0.307, 0.054, 0.011, 0.035, 0.032
0.317, 0.068, 0.01, 0.05, 0.067
0.375, 0.077, 0.022, 0.072, 0.062
0.373, 0.133, 0.011, 0.031, 0.034
0.324, 0.085, 0.012, 0.05, 0.064
0.305, 0.085, 0.03, 0.052, 0.051
0.264, 0.064, 0.01, 0.035, 0.032
0.301, 0.078, 0.01, 0.041, 0.05
0.253, 0.084, 0.014, 0.052, 0.036
0.273, 0.081, 0.011, 0.034, 0.035
0.296, 0.076, 0.012, 0.042, 0.053
0.348, 0.104, 0.025, 0.054, 0.056
0.23, 0.048, 0.01, 0.027, 0.029
0.24, 0.065, 0.009, 0.037, 0.029
0.267, 0.073, 0.017, 0.044, 0.033
0.225, 0.048, 0.009, 0.026, 0.026
0.235, 0.061, 0.009, 0.027, 0.025
0.306, 0.081, 0.011, 0.035, 0.041
0.239, 0.049, 0.009, 0.023, 0.025
0.221, 0.067, 0.008, 0.026, 0.025
0.423, 0.081, 0.031, 0.053, 0.063
0.2, 0.058, 0.012, 0.034, 0.029
0.293, 0.057, 0.01, 0.044, 0.049
0.414, 0.083, 0.013, 0.048, 0.052
0.229, 0.042, 0.01, 0.026, 0.039
0.223, 0.055, 0.011, 0.039, 0.034
0.325, 0.066, 0.014, 0.058, 0.07
0.441, 0.082, 0.011, 0.039, 0.03
0.222, 0.05, 0.007, 0.024, 0.024
0.322, 0.091, 0.015, 0.045, 0.048
0.221, 0.054, 0.01, 0.028, 0.024
0.314, 0.059, 0.009, 0.037, 0.038
0.332, 0.072, 0.011, 0.046, 0.049
0.22, 0.046, 0.009, 0.036, 0.029
0.216, 0.055, 0.008, 0.029, 0.024
0.274, 0.063, 0.01, 0.038, 0.04
0.224, 0.057, 0.008, 0.028, 0.024
0.213, 0.054, 0.007, 0.027, 0.024
0.259, 0.062, 0.009, 0.038, 0.038
0.216, 0.052, 0.007, 0.026, 0.024
0.213, 0.055, 0.008, 0.026, 0.025
0.279, 0.064, 0.012, 0.039, 0.043
0.225, 0.045, 0.008, 0.026, 0.024
0.196, 0.053, 0.007, 0.026, 0.023
0.228, 0.069, 0.015, 0.031, 0.032
0.212, 0.07, 0.011, 0.031, 0.026
0.211, 0.055, 0.009, 0.028, 0.025
0.237, 0.065, 0.011, 0.029, 0.029
0.204, 0.048, 0.009, 0.026, 0.038
0.244, 0.05, 0.007, 0.034, 0.035
0.245, 0.069, 0.018, 0.036, 0.04
0.247, 0.066, 0.012, 0.038, 0.032
0.22, 0.052, 0.011, 0.034, 0.032
0.252, 0.079, 0.017, 0.032, 0.033
0.22, 0.057, 0.009, 0.026, 0.025
0.261, 0.057, 0.008, 0.035, 0.037
0.319, 0.072, 0.014, 0.045, 0.053
0.213, 0.068, 0.009, 0.03, 0.026
0.215, 0.05, 0.007, 0.025, 0.024
0.327, 0.07, 0.014, 0.046, 0.064
0.221, 0.06, 0.012, 0.035, 0.033
0.217, 0.058, 0.012, 0.038, 0.033
0.419, 0.071, 0.014, 0.082, 0.096
0.321, 0.075, 0.011, 0.033, 0.032
0.245, 0.054, 0.01, 0.045, 0.048
0.467, 0.076, 0.014, 0.084, 0.087
0.431, 0.06, 0.011, 0.034, 0.031
0.221, 0.06, 0.01, 0.036, 0.032
0.32, 0.06, 0.013, 0.057, 0.058
0.191, 0.066, 0.011, 0.039, 0.032
0.255, 0.051, 0.01, 0.051, 0.051
0.286, 0.047, 0.019, 0.052, 0.058
0.218, 0.061, 0.012, 0.035, 0.064
0.36, 0.044, 0.011, 0.055, 0.076
0.345, 0.048, 0.049, 0.065, 0.101
0.26, 0.059, 0.012, 0.035, 0.031
0.334, 0.051, 0.01, 0.062, 0.073
0.295, 0.028, 0.012, 0.047, 0.059
0.206, 0.051, 0.01, 0.028, 0.029
0.382, 0.05, 0.01, 0.077, 0.087
0.245, 0.03, 0.011, 0.031, 0.032
0.222, 0.052, 0.009, 0.031, 0.029
0.336, 0.063, 0.011, 0.064, 0.085
0.321, 0.029, 0.024, 0.055, 0.063
0.216, 0.05, 0.009, 0.028, 0.029
0.216, 0.065, 0.009, 0.035, 0.028
0.241, 0.032, 0.015, 0.035, 0.034
0.214, 0.056, 0.01, 0.034, 0.03
0.387, 0.052, 0.009, 0.071, 0.088
4.586, 0.1, 0.059, 0.049, 0.1
5.567, 0.033, 0.009, 0.03, 0.031
4.428, 0.058, 0.009, 0.045, 0.042
0.411, 0.029, 0.01, 0.061, 0.095
0.237, 0.047, 0.009, 0.034, 0.029
0.256, 0.03, 0.009, 0.043, 0.044
0.287, 0.042, 0.01, 0.031, 0.03
0.222, 0.04, 0.009, 0.028, 0.029
0.262, 0.032, 0.009, 0.038, 0.042
0.453, 0.026, 0.01, 0.066, 0.089
0.251, 0.057, 0.008, 0.034, 0.03
0.278, 0.053, 0.009, 0.045, 0.045
0.405, 0.03, 0.011, 0.066, 0.085
0.205, 0.054, 0.009, 0.03, 0.03
0.296, 0.025, 0.009, 0.045, 0.058
0.246, 0.028, 0.016, 0.032, 0.034
0.262, 0.049, 0.01, 0.029, 0.03
0.341, 0.023, 0.01, 0.049, 0.056
0.457, 0.029, 0.015, 0.07, 0.093
0.229, 0.055, 0.009, 0.032, 0.03
0.32, 0.028, 0.008, 0.051, 0.06
0.439, 0.041, 0.017, 0.07, 0.095
0.257, 0.059, 0.01, 0.035, 0.029
0.298, 0.028, 0.009, 0.049, 0.057
0.243, 0.032, 0.012, 0.032, 0.031
0.225, 0.054, 0.009, 0.029, 0.029
0.325, 0.027, 0.009, 0.049, 0.07
0.449, 0.029, 0.012, 0.08, 0.091
0.245, 0.054, 0.009, 0.038, 0.028
0.317, 0.029, 0.008, 0.053, 0.058
0.261, 0.044, 0.011, 0.033, 0.03
0.219, 0.053, 0.009, 0.035, 0.028
0.346, 0.03, 0.01, 0.058, 0.072
0.252, 0.043, 0.011, 0.028, 0.032
0.221, 0.052, 0.009, 0.031, 0.029
0.36, 0.03, 0.008, 0.061, 0.073
0.323, 0.033, 0.012, 0.043, 0.045
0.223, 0.051, 0.009, 0.032, 0.028
0.272, 0.03, 0.008, 0.034, 0.028
0.314, 0.028, 0.012, 0.042, 0.044
0.243, 0.055, 0.009, 0.032, 0.028
0.33, 0.029, 0.009, 0.05, 0.056
0.296, 0.032, 0.012, 0.043, 0.046
0.222, 0.053, 0.01, 0.032, 0.028
0.278, 0.029, 0.009, 0.043, 0.044
0.608, 0.029, 0.01, 0.11, 0.136
0.477, 0.059, 0.009, 0.031, 0.029
0.337, 0.026, 0.009, 0.047, 0.058
0.704, 0.047, 0.011, 0.108, 0.153
0.528, 0.062, 0.009, 0.032, 0.028
0.324, 0.029, 0.008, 0.039, 0.043
0.473, 0.032, 0.013, 0.063, 0.085
0.219, 0.066, 0.009, 0.032, 0.029
0.475, 0.029, 0.009, 0.078, 0.097
0.487, 0.031, 0.012, 0.069, 0.09
0.228, 0.051, 0.009, 0.048, 0.03
0.308, 0.03, 0.008, 0.043, 0.045
0.264, 0.031, 0.011, 0.034, 0.031
0.226, 0.061, 0.009, 0.032, 0.028
0.235, 0.029, 0.008, 0.032, 0.029
0.253, 0.032, 0.011, 0.036, 0.032
0.314, 0.054, 0.009, 0.035, 0.029
0.242, 0.028, 0.008, 0.033, 0.029
0.332, 0.031, 0.01, 0.035, 0.031
0.217, 0.063, 0.008, 0.035, 0.028
0.237, 0.028, 0.009, 0.033, 0.029
0.272, 0.031, 0.011, 0.036, 0.031
0.231, 0.053, 0.008, 0.033, 0.029
0.274, 0.028, 0.008, 0.042, 0.042
0.264, 0.031, 0.01, 0.03, 0.03
0.234, 0.053, 0.009, 0.034, 0.03
0.32, 0.028, 0.008, 0.044, 0.043
0.255, 0.031, 0.01, 0.034, 0.032
0.227, 0.054, 0.008, 0.034, 0.029
0.277, 0.029, 0.008, 0.044, 0.044
0.474, 0.036, 0.01, 0.083, 0.124
0.356, 0.046, 0.01, 0.032, 0.029
0.217, 0.024, 0.009, 0.026, 0.029
0.529, 0.032, 0.015, 0.087, 0.118
0.423, 0.059, 0.009, 0.046, 0.03
0.33, 0.029, 0.009, 0.051, 0.058
0.48, 0.035, 0.013, 0.08, 0.114
0.365, 0.071, 0.009, 0.032, 0.04
0.283, 0.027, 0.009, 0.028, 0.028
0.327, 0.029, 0.01, 0.041, 0.045
0.22, 0.052, 0.008, 0.034, 0.028
0.328, 0.027, 0.009, 0.049, 0.058
0.529, 0.029, 0.011, 0.088, 0.116
0.37, 0.081, 0.01, 0.031, 0.028
0.438, 0.027, 0.009, 0.088, 0.099
0.414, 0.028, 0.01, 0.081, 0.085
0.317, 0.052, 0.01, 0.033, 0.029
0.329, 0.026, 0.01, 0.053, 0.07
0.362, 0.029, 0.01, 0.043, 0.044
0.215, 0.053, 0.009, 0.032, 0.028
0.378, 0.028, 0.009, 0.064, 0.084
0.419, 0.028, 0.011, 0.083, 0.102
0.24, 0.061, 0.009, 0.04, 0.029
0.319, 0.026, 0.008, 0.052, 0.056
0.31, 0.029, 0.02, 0.05, 0.058
0.229, 0.05, 0.009, 0.031, 0.028
0.386, 0.027, 0.009, 0.069, 0.088
0.377, 0.029, 0.01, 0.055, 0.061
0.218, 0.052, 0.008, 0.032, 0.03
0.384, 0.027, 0.009, 0.063, 0.083
0.259, 0.028, 0.009, 0.023, 0.03
0.215, 0.051, 0.009, 0.035, 0.029
0.398, 0.025, 0.008, 0.067, 0.087
0.245, 0.03, 0.014, 0.041, 0.033
0.208, 0.049, 0.009, 0.032, 0.029
0.217, 0.028, 0.008, 0.037, 0.029
0.419, 0.029, 0.009, 0.07, 0.085
0.251, 0.059, 0.01, 0.047, 0.03
0.225, 0.027, 0.009, 0.038, 0.03
0.338, 0.027, 0.01, 0.06, 0.057
0.317, 0.05, 0.024, 0.035, 0.029
0.409, 0.026, 0.009, 0.072, 0.096
0.437, 0.029, 0.014, 0.071, 0.089
0.303, 0.062, 0.009, 0.032, 0.03
0.222, 0.027, 0.008, 0.032, 0.028
0.306, 0.028, 0.009, 0.047, 0.044
0.224, 0.052, 0.009, 0.033, 0.029
0.53, 0.034, 0.012, 0.095, 0.106
0.303, 0.029, 0.01, 0.046, 0.046
0.24, 0.054, 0.009, 0.034, 0.03
0.26, 0.027, 0.008, 0.042, 0.059
0.507, 0.029, 0.012, 0.079, 0.086
0.282, 0.061, 0.009, 0.031, 0.028
0.223, 0.025, 0.008, 0.028, 0.028
0.263, 0.028, 0.009, 0.04, 0.03
0.229, 0.05, 0.009, 0.031, 0.029
0.273, 0.025, 0.009, 0.04, 0.044
0.43, 0.031, 0.013, 0.088, 0.109
0.224, 0.046, 0.009, 0.034, 0.029
0.237, 0.028, 0.009, 0.033, 0.029
0.285, 0.029, 0.01, 0.038, 0.044
0.24, 0.05, 0.009, 0.035, 0.028
0.261, 0.028, 0.008, 0.041, 0.043
0.301, 0.027, 0.009, 0.026, 0.029
0.222, 0.051, 0.008, 0.034, 0.029
0.276, 0.028, 0.009, 0.043, 0.044
0.3, 0.03, 0.009, 0.046, 0.045
0.223, 0.051, 0.009, 0.03, 0.028
0.227, 0.026, 0.008, 0.029, 0.028
0.378, 0.028, 0.009, 0.049, 0.056
0.217, 0.067, 0.009, 0.032, 0.029
0.242, 0.026, 0.008, 0.033, 0.029
0.301, 0.032, 0.01, 0.034, 0.031
0.229, 0.051, 0.01, 0.034, 0.028
0.208, 0.027, 0.008, 0.031, 0.028
0.355, 0.028, 0.01, 0.053, 0.061
0.214, 0.171, 0.013, 0.037, 0.03
0.236, 0.025, 0.01, 0.031, 0.03
0.419, 0.029, 0.01, 0.066, 0.102
0.258, 0.06, 0.009, 0.032, 0.028
0.261, 0.026, 0.009, 0.039, 0.054
0.409, 0.031, 0.016, 0.063, 0.074
0.244, 0.042, 0.01, 0.029, 0.029
0.271, 0.025, 0.008, 0.04, 0.045
0.445, 0.029, 0.013, 0.072, 0.091
0.263, 0.047, 0.009, 0.034, 0.029
0.229, 0.025, 0.009, 0.03, 0.03
0.384, 0.027, 0.009, 0.047, 0.057
0.219, 0.05, 0.009, 0.047, 0.028
0.232, 0.028, 0.008, 0.029, 0.028
0.347, 0.028, 0.01, 0.053, 0.061
0.21, 0.064, 0.009, 0.042, 0.029
0.358, 0.069, 0.007, 0.032, 0.025
0.254, 0.05, 0.007, 0.028, 0.024
0.239, 0.076, 0.007, 0.032, 0.023
0.626, 0.049, 0.008, 0.108, 0.128
0.379, 0.06, 0.007, 0.026, 0.026
2.368, 0.063, 0.011, 0.426, 0.568
3.728, 0.025, 0.008, 0.072, 0.087
0.305, 0.049, 0.009, 0.032, 0.027
0.24, 0.047, 0.007, 0.03, 0.023
0.664, 0.049, 0.008, 0.107, 0.134
0.266, 0.05, 0.008, 0.029, 0.027
0.247, 0.032, 0.01, 0.031, 0.025
0.667, 0.025, 0.008, 0.11, 0.139
0.5, 0.053, 0.012, 0.064, 0.094
0.244, 0.028, 0.01, 0.026, 0.026
0.335, 0.05, 0.007, 0.046, 0.045
0.302, 0.048, 0.007, 0.039, 0.036
0.236, 0.029, 0.008, 0.029, 0.023
0.723, 0.048, 0.008, 0.113, 0.141
0.504, 0.054, 0.011, 0.07, 0.088
0.25, 0.05, 0.007, 0.028, 0.023
0.541, 0.049, 0.008, 0.082, 0.105
0.585, 0.051, 0.008, 0.079, 0.109
0.268, 0.025, 0.007, 0.029, 0.024
0.313, 0.046, 0.007, 0.042, 0.046
0.425, 0.05, 0.008, 0.049, 0.054
0.25, 0.049, 0.006, 0.029, 0.023
0.608, 0.051, 0.007, 0.09, 0.112
0.62, 0.053, 0.013, 0.094, 0.125
0.242, 0.035, 0.009, 0.027, 0.025
0.264, 0.046, 0.01, 0.034, 0.036
0.424, 0.036, 0.017, 0.059, 0.079
0.277, 0.068, 0.01, 0.051, 0.03
0.288, 0.047, 0.009, 0.039, 0.039
0.26, 0.034, 0.009, 0.029, 0.033
0.245, 0.051, 0.009, 0.035, 0.027
0.346, 0.054, 0.009, 0.051, 0.068
0.47, 0.035, 0.012, 0.072, 0.076
0.213, 0.032, 0.007, 0.039, 0.024
0.26, 0.034, 0.009, 0.029, 0.029
0.324, 0.032, 0.008, 0.042, 0.048
0.235, 0.026, 0.008, 0.037, 0.025
0.393, 0.044, 0.011, 0.053, 0.063
0.287, 0.034, 0.01, 0.032, 0.032
0.233, 0.031, 0.01, 0.041, 0.026
0.274, 0.032, 0.008, 0.038, 0.036
0.37, 0.034, 0.013, 0.048, 0.056
0.249, 0.027, 0.007, 0.045, 0.025
0.328, 0.049, 0.007, 0.039, 0.037
0.313, 0.036, 0.015, 0.037, 0.047
0.237, 0.049, 0.008, 0.027, 0.024
0.25, 0.047, 0.008, 0.028, 0.024
0.355, 0.036, 0.016, 0.041, 0.046
0.238, 0.03, 0.01, 0.029, 0.031
0.257, 0.033, 0.012, 0.031, 0.028
0.305, 0.032, 0.01, 0.039, 0.042
0.3, 0.051, 0.009, 0.04, 0.048
0.311, 0.03, 0.008, 0.042, 0.048
0.37, 0.031, 0.011, 0.037, 0.038
0.317, 0.039, 0.008, 0.043, 0.048
0.302, 0.036, 0.008, 0.036, 0.035
0.328, 0.035, 0.012, 0.04, 0.042
0.281, 0.053, 0.008, 0.027, 0.024
0.377, 0.053, 0.009, 0.046, 0.05
0.288, 0.052, 0.009, 0.027, 0.038
0.267, 0.049, 0.007, 0.028, 0.024
0.273, 0.029, 0.007, 0.026, 0.023
0.334, 0.053, 0.01, 0.031, 0.027
0.234, 0.053, 0.007, 0.027, 0.024
0.254, 0.051, 0.007, 0.028, 0.024
0.283, 0.051, 0.009, 0.029, 0.024
0.232, 0.047, 0.006, 0.028, 0.022
0.238, 0.05, 0.007, 0.028, 0.024
0.262, 0.054, 0.008, 0.029, 0.026
0.244, 0.05, 0.006, 0.026, 0.023
0.407, 0.05, 0.008, 0.028, 0.024
0.34, 0.053, 0.009, 0.043, 0.048
0.293, 0.036, 0.007, 0.025, 0.024
0.242, 0.029, 0.007, 0.026, 0.024
0.28, 0.034, 0.014, 0.035, 0.031
0.205, 0.033, 0.008, 0.026, 0.024
0.252, 0.05, 0.01, 0.028, 0.025
0.374, 0.054, 0.01, 0.046, 0.051
0.24, 0.034, 0.008, 0.025, 0.023
0.256, 0.051, 0.007, 0.028, 0.024
0.296, 0.029, 0.012, 0.028, 0.028
0.235, 0.027, 0.007, 0.038, 0.023
0.388, 0.031, 0.008, 0.056, 0.068
0.272, 0.027, 0.013, 0.039, 0.031
0.245, 0.05, 0.007, 0.026, 0.023
0.246, 0.031, 0.008, 0.028, 0.025
0.299, 0.052, 0.01, 0.037, 0.037
0.227, 0.031, 0.009, 0.028, 0.029
0.44, 0.029, 0.01, 0.066, 0.072
0.295, 0.06, 0.012, 0.031, 0.031
0.231, 0.049, 0.008, 0.026, 0.024
0.237, 0.049, 0.008, 0.027, 0.024
0.339, 0.03, 0.01, 0.038, 0.041
0.249, 0.028, 0.007, 0.024, 0.023
0.249, 0.048, 0.007, 0.028, 0.023
0.254, 0.054, 0.008, 0.026, 0.025
0.239, 0.033, 0.007, 0.026, 0.024
0.394, 0.051, 0.008, 0.053, 0.068
0.268, 0.034, 0.01, 0.032, 0.03
0.225, 0.031, 0.009, 0.028, 0.027
0.252, 0.033, 0.009, 0.031, 0.027
0.489, 0.033, 0.011, 0.067, 0.078
0.301, 0.016, 0.007, 0.028, 0.025
0.421, 0.048, 0.008, 0.057, 0.07
0.326, 0.055, 0.011, 0.038, 0.039
0.231, 0.035, 0.007, 0.025, 0.024
0.355, 0.029, 0.007, 0.047, 0.055
0.537, 0.032, 0.012, 0.088, 0.084
0.304, 0.021, 0.007, 0.024, 0.024
0.251, 0.054, 0.012, 0.036, 0.034
0.282, 0.057, 0.024, 0.036, 0.036
0.24, 0.037, 0.009, 0.033, 0.032
0.384, 0.064, 0.01, 0.067, 0.077
0.284, 0.055, 0.013, 0.047, 0.036
0.225, 0.03, 0.01, 0.031, 0.034
0.315, 0.065, 0.011, 0.061, 0.068
0.294, 0.034, 0.011, 0.045, 0.066
0.231, 0.034, 0.01, 0.03, 0.028
0.331, 0.054, 0.008, 0.043, 0.048
0.268, 0.051, 0.009, 0.039, 0.025
0.25, 0.03, 0.009, 0.028, 0.026
0.256, 0.04, 0.007, 0.028, 0.023
0.29, 0.051, 0.018, 0.038, 0.039
0.25, 0.048, 0.008, 0.031, 0.027
0.24, 0.027, 0.008, 0.027, 0.025
0.257, 0.051, 0.007, 0.038, 0.025
0.243, 0.026, 0.006, 0.02, 0.023
0.229, 0.035, 0.008, 0.021, 0.025
0.252, 0.031, 0.011, 0.033, 0.038
0.233, 0.048, 0.007, 0.026, 0.024
0.233, 0.027, 0.008, 0.03, 0.024
0.245, 0.051, 0.008, 0.022, 0.036
0.264, 0.048, 0.006, 0.026, 0.024
0.23, 0.049, 0.007, 0.035, 0.025
0.287, 0.051, 0.017, 0.035, 0.036
0.245, 0.048, 0.007, 0.027, 0.023
0.314, 0.058, 0.008, 0.041, 0.045
0.294, 0.033, 0.01, 0.045, 0.038
0.235, 0.051, 0.008, 0.027, 0.024
0.288, 0.032, 0.007, 0.038, 0.036
0.344, 0.05, 0.011, 0.049, 0.054
0.226, 0.033, 0.007, 0.025, 0.024
0.321, 0.029, 0.008, 0.045, 0.048
0.557, 0.056, 0.013, 0.07, 0.102
0.471, 0.03, 0.008, 0.026, 0.023
0.347, 0.041, 0.008, 0.041, 0.056
0.478, 0.031, 0.01, 0.048, 0.046
0.235, 0.027, 0.007, 0.024, 0.023
0.345, 0.071, 0.008, 0.027, 0.024
0.592, 0.032, 0.012, 0.083, 0.107
0.454, 0.029, 0.009, 0.03, 0.033
0.374, 0.049, 0.008, 0.05, 0.06
0.391, 0.027, 0.009, 0.052, 0.057
0.23, 0.028, 0.009, 0.032, 0.025
0.342, 0.027, 0.008, 0.05, 0.057
0.318, 0.052, 0.01, 0.038, 0.04
0.238, 0.034, 0.007, 0.025, 0.03
0.381, 0.049, 0.009, 0.051, 0.059
0.417, 0.051, 0.013, 0.054, 0.063
0.213, 0.026, 0.009, 0.027, 0.026
0.238, 0.029, 0.01, 0.031, 0.028
0.359, 0.028, 0.011, 0.048, 0.051
0.226, 0.027, 0.008, 0.045, 0.029
0.451, 0.03, 0.01, 0.075, 0.078
0.415, 0.027, 0.012, 0.055, 0.05
0.239, 0.035, 0.008, 0.026, 0.025
0.251, 0.049, 0.007, 0.029, 0.023
0.43, 0.056, 0.012, 0.046, 0.055
0.248, 0.029, 0.01, 0.029, 0.028
0.536, 0.038, 0.013, 0.087, 0.112
0.581, 0.038, 0.016, 0.089, 0.117
0.477, 0.051, 0.008, 0.026, 0.024
0.367, 0.043, 0.009, 0.062, 0.058
0.425, 0.047, 0.014, 0.054, 0.067
0.225, 0.043, 0.011, 0.045, 0.031
0.544, 0.042, 0.01, 0.08, 0.103
0.849, 0.044, 0.014, 0.09, 0.145
0.752, 0.043, 0.008, 0.028, 0.024
0.27, 0.043, 0.01, 0.036, 0.038
1.037, 0.047, 0.013, 0.161, 0.233
0.543, 0.029, 0.007, 0.036, 0.037
1.249, 0.041, 0.007, 0.025, 0.022
0.415, 0.04, 0.008, 0.051, 0.056
0.238, 0.034, 0.01, 0.047, 0.031
0.221, 0.039, 0.009, 0.024, 0.024
1.24, 0.044, 0.011, 0.181, 0.265
0.651, 0.053, 0.007, 0.028, 0.036
1.363, 0.031, 0.007, 0.026, 0.022
0.74, 0.041, 0.008, 0.121, 0.146
0.624, 0.026, 0.006, 0.026, 0.023
0.319, 0.045, 0.006, 0.06, 0.054
0.323, 0.041, 0.011, 0.049, 0.039
0.279, 0.038, 0.007, 0.028, 0.023
0.28, 0.052, 0.011, 0.05, 0.05
0.907, 0.05, 0.016, 0.164, 0.179
0.658, 0.034, 0.023, 0.061, 0.075
1.59, 0.031, 0.01, 0.033, 0.032
0.466, 0.043, 0.013, 0.076, 0.101
0.411, 0.033, 0.011, 0.035, 0.034
0.298, 0.03, 0.01, 0.048, 0.059
0.498, 0.043, 0.015, 0.08, 0.109
0.41, 0.022, 0.008, 0.043, 0.03
0.317, 0.027, 0.01, 0.047, 0.059
0.576, 0.047, 0.014, 0.105, 0.15
0.626, 0.032, 0.01, 0.029, 0.03
0.406, 0.025, 0.009, 0.065, 0.094
0.239, 0.059, 0.016, 0.034, 0.038
0.233, 0.026, 0.008, 0.028, 0.028
0.327, 0.025, 0.009, 0.048, 0.055
0.692, 0.029, 0.017, 0.118, 0.178
0.657, 0.056, 0.009, 0.034, 0.029
0.469, 0.032, 0.009, 0.086, 0.098
0.285, 0.039, 0.015, 0.04, 0.05
0.264, 0.034, 0.009, 0.027, 0.029
0.349, 0.026, 0.01, 0.053, 0.068
0.446, 0.031, 0.012, 0.053, 0.051
0.256, 0.019, 0.009, 0.027, 0.029
0.291, 0.027, 0.009, 0.038, 0.042
0.254, 0.061, 0.009, 0.03, 0.03
0.238, 0.026, 0.008, 0.028, 0.029
0.371, 0.036, 0.009, 0.058, 0.074
0.266, 0.055, 0.011, 0.033, 0.033
0.233, 0.026, 0.009, 0.028, 0.029
0.546, 0.029, 0.01, 0.103, 0.131
0.413, 0.039, 0.017, 0.063, 0.094
0.326, 0.034, 0.023, 0.028, 0.031
0.3, 0.025, 0.009, 0.039, 0.041
0.317, 0.027, 0.01, 0.039, 0.043
0.235, 0.034, 0.008, 0.029, 0.028
0.627, 0.026, 0.009, 0.102, 0.149
0.434, 0.028, 0.013, 0.064, 0.093
0.227, 0.038, 0.01, 0.024, 0.028
0.266, 0.024, 0.01, 0.036, 0.042
0.424, 0.038, 0.018, 0.072, 0.106
0.337, 0.03, 0.012, 0.027, 0.03
0.278, 0.026, 0.009, 0.058, 0.044
0.255, 0.055, 0.014, 0.032, 0.033
0.306, 0.027, 0.009, 0.045, 0.058
0.275, 0.034, 0.009, 0.038, 0.044
0.483, 0.035, 0.022, 0.072, 0.118
0.387, 0.046, 0.011, 0.051, 0.059
0.343, 0.034, 0.009, 0.065, 0.071
0.433, 0.03, 0.025, 0.062, 0.088
0.263, 0.036, 0.009, 0.028, 0.028
0.229, 0.047, 0.023, 0.03, 0.029
0.318, 0.027, 0.009, 0.041, 0.043
0.231, 0.035, 0.008, 0.029, 0.03
0.353, 0.026, 0.009, 0.058, 0.071
0.422, 0.045, 0.015, 0.068, 0.121
0.319, 0.03, 0.01, 0.029, 0.028
1.13, 0.046, 0.013, 0.222, 0.345
0.567, 0.034, 0.016, 0.086, 0.131
0.454, 0.035, 0.009, 0.028, 0.03
0.279, 0.021, 0.009, 0.041, 0.043
0.343, 0.048, 0.014, 0.053, 0.062
0.241, 0.041, 0.009, 0.027, 0.03
1.321, 0.053, 0.015, 0.246, 0.365
0.583, 0.041, 0.035, 0.113, 0.141
0.846, 0.066, 0.011, 0.03, 0.036
0.718, 0.028, 0.011, 0.137, 0.155
0.744, 0.044, 0.023, 0.175, 0.176
1.213, 0.036, 0.012, 0.033, 0.035
0.44, 0.027, 0.011, 0.072, 0.097
0.416, 0.032, 0.017, 0.068, 0.075
0.239, 0.061, 0.011, 0.036, 0.033
0.783, 0.027, 0.012, 0.139, 0.16
0.788, 0.057, 0.015, 0.127, 0.168
0.969, 0.039, 0.008, 0.026, 0.026
0.664, 0.038, 0.009, 0.099, 0.141
0.554, 0.044, 0.012, 0.085, 0.116
0.477, 0.053, 0.008, 0.023, 0.027
0.366, 0.029, 0.008, 0.049, 0.058
0.621, 0.045, 0.01, 0.09, 0.121
0.488, 0.031, 0.008, 0.02, 0.024
0.737, 0.041, 0.01, 0.11, 0.147
0.671, 0.042, 0.018, 0.09, 0.135
0.543, 0.04, 0.01, 0.042, 0.026
0.535, 0.026, 0.009, 0.078, 0.108
0.307, 0.048, 0.026, 0.045, 0.056
0.26, 0.023, 0.009, 0.023, 0.026
0.353, 0.034, 0.009, 0.043, 0.048
0.663, 0.031, 0.017, 0.099, 0.148
0.652, 0.061, 0.008, 0.024, 0.026
0.588, 0.031, 0.009, 0.104, 0.116
0.743, 0.031, 0.013, 0.099, 0.117
0.619, 0.034, 0.007, 0.026, 0.026
0.726, 0.035, 0.008, 0.079, 0.122
0.324, 0.051, 0.01, 0.026, 0.028
0.25, 0.025, 0.007, 0.025, 0.025
0.329, 0.027, 0.008, 0.042, 0.047
0.63, 0.025, 0.012, 0.113, 0.17
0.584, 0.026, 0.01, 0.026, 0.029
0.663, 0.027, 0.01, 0.102, 0.142
0.538, 0.026, 0.015, 0.089, 0.14
0.446, 0.037, 0.01, 0.028, 0.029
0.611, 0.025, 0.01, 0.1, 0.146
0.342, 0.028, 0.01, 0.062, 0.058
0.262, 0.033, 0.009, 0.026, 0.029
0.335, 0.025, 0.009, 0.048, 0.056
0.549, 0.028, 0.011, 0.098, 0.128
0.664, 0.039, 0.009, 0.029, 0.03
0.669, 0.025, 0.01, 0.111, 0.169
0.417, 0.028, 0.013, 0.062, 0.089
0.227, 0.037, 0.009, 0.03, 0.029
0.35, 0.026, 0.009, 0.063, 0.07
0.289, 0.052, 0.015, 0.032, 0.036
0.24, 0.023, 0.019, 0.034, 0.03
0.23, 0.048, 0.009, 0.03, 0.029
0.431, 0.027, 0.011, 0.066, 0.09
0.269, 0.041, 0.009, 0.027, 0.029
0.373, 0.061, 0.009, 0.059, 0.073
0.403, 0.033, 0.027, 0.058, 0.091
0.235, 0.026, 0.011, 0.023, 0.03
0.262, 0.053, 0.012, 0.033, 0.032
0.241, 0.055, 0.017, 0.043, 0.036
0.223, 0.025, 0.011, 0.029, 0.03
0.224, 0.054, 0.011, 0.033, 0.03
0.396, 0.032, 0.021, 0.073, 0.084
0.212, 0.061, 0.01, 0.048, 0.03
0.237, 0.05, 0.01, 0.042, 0.029
0.487, 0.031, 0.02, 0.069, 0.108
0.285, 0.036, 0.011, 0.022, 0.028
0.239, 0.057, 0.01, 0.03, 0.048
0.324, 0.032, 0.015, 0.049, 0.062
0.234, 0.034, 0.009, 0.027, 0.029
0.23, 0.055, 0.012, 0.031, 0.032
0.497, 0.027, 0.011, 0.076, 0.101
0.269, 0.023, 0.009, 0.055, 0.028
0.24, 0.048, 0.009, 0.029, 0.03
0.25, 0.053, 0.01, 0.029, 0.031
0.24, 0.024, 0.009, 0.027, 0.042
0.331, 0.023, 0.01, 0.048, 0.068
0.261, 0.053, 0.014, 0.031, 0.032
0.237, 0.018, 0.009, 0.025, 0.029
0.266, 0.024, 0.01, 0.038, 0.041
0.319, 0.04, 0.016, 0.049, 0.096
0.247, 0.031, 0.01, 0.027, 0.03
0.265, 0.047, 0.009, 0.038, 0.03
0.377, 0.031, 0.016, 0.051, 0.081
0.255, 0.025, 0.01, 0.026, 0.03
0.288, 0.034, 0.01, 0.039, 0.044
0.362, 0.049, 0.022, 0.051, 0.063
0.259, 0.019, 0.01, 0.027, 0.029
0.339, 0.026, 0.009, 0.047, 0.056
0.239, 0.053, 0.014, 0.045, 0.034
0.257, 0.05, 0.01, 0.03, 0.029
0.226, 0.039, 0.01, 0.029, 0.029
0.239, 0.051, 0.014, 0.03, 0.048
0.247, 0.047, 0.009, 0.029, 0.028
0.32, 0.02, 0.009, 0.054, 0.058
0.246, 0.052, 0.012, 0.031, 0.044
0.244, 0.047, 0.009, 0.032, 0.027
0.454, 0.027, 0.011, 0.078, 0.111
0.257, 0.053, 0.014, 0.047, 0.034
0.251, 0.048, 0.009, 0.032, 0.029
0.28, 0.027, 0.009, 0.041, 0.044
0.567, 0.042, 0.023, 0.098, 0.148
0.592, 0.067, 0.01, 0.032, 0.03
0.515, 0.034, 0.009, 0.085, 0.112
0.283, 0.029, 0.012, 0.044, 0.047
0.253, 0.045, 0.01, 0.029, 0.028
0.396, 0.02, 0.009, 0.062, 0.082
0.598, 0.044, 0.019, 0.106, 0.153
0.572, 0.056, 0.012, 0.034, 0.032
0.223, 0.037, 0.009, 0.03, 0.028
0.329, 0.026, 0.012, 0.044, 0.059
0.256, 0.042, 0.009, 0.027, 0.028
0.422, 0.029, 0.009, 0.071, 0.1
0.334, 0.039, 0.016, 0.052, 0.081
0.233, 0.039, 0.008, 0.028, 0.029
0.529, 0.024, 0.011, 0.087, 0.133
0.259, 0.051, 0.01, 0.03, 0.031
0.223, 0.049, 0.009, 0.029, 0.029
0.364, 0.025, 0.009, 0.059, 0.068
0.249, 0.053, 0.01, 0.03, 0.03
0.218, 0.045, 0.009, 0.028, 0.029
0.585, 0.025, 0.01, 0.102, 0.139
0.246, 0.052, 0.011, 0.03, 0.031
0.222, 0.047, 0.009, 0.025, 0.028
0.635, 0.026, 0.01, 0.109, 0.169
0.268, 0.061, 0.01, 0.031, 0.032
0.231, 0.046, 0.009, 0.03, 0.028
0.369, 0.036, 0.009, 0.06, 0.07
0.25, 0.055, 0.009, 0.03, 0.031
0.225, 0.045, 0.008, 0.029, 0.029
0.649, 0.027, 0.01, 0.122, 0.165
0.229, 0.052, 0.009, 0.033, 0.031
0.219, 0.049, 0.009, 0.031, 0.028
0.584, 0.029, 0.01, 0.102, 0.144
0.424, 0.022, 0.01, 0.073, 0.11
0.294, 0.058, 0.009, 0.03, 0.028
0.313, 0.027, 0.009, 0.05, 0.056
0.296, 0.023, 0.01, 0.042, 0.055
0.23, 0.048, 0.008, 0.027, 0.028
0.652, 0.029, 0.01, 0.112, 0.152
0.493, 0.032, 0.015, 0.083, 0.107
0.352, 0.067, 0.01, 0.035, 0.029
0.29, 0.028, 0.009, 0.045, 0.043
0.25, 0.063, 0.014, 0.032, 0.033
0.277, 0.026, 0.009, 0.04, 0.043
0.298, 0.027, 0.009, 0.04, 0.046
0.256, 0.053, 0.009, 0.04, 0.031
0.282, 0.027, 0.008, 0.033, 0.043
0.399, 0.022, 0.009, 0.067, 0.083
0.37, 0.034, 0.012, 0.056, 0.074
0.226, 0.034, 0.009, 0.031, 0.028
0.373, 0.027, 0.009, 0.058, 0.07
0.25, 0.064, 0.017, 0.036, 0.034
0.261, 0.047, 0.01, 0.031, 0.028
0.42, 0.028, 0.01, 0.069, 0.087
0.383, 0.032, 0.011, 0.062, 0.078
0.242, 0.115, 0.034, 0.049, 0.029
0.224, 0.052, 0.01, 0.032, 0.029
0.372, 0.052, 0.009, 0.034, 0.03
0.302, 0.05, 0.009, 0.032, 0.029
0.356, 0.028, 0.009, 0.041, 0.044
0.314, 0.055, 0.011, 0.034, 0.033
0.229, 0.053, 0.009, 0.039, 0.031
0.269, 0.042, 0.011, 0.033, 0.032
0.334, 0.029, 0.014, 0.044, 0.052
0.236, 0.037, 0.01, 0.031, 0.029
0.314, 0.029, 0.01, 0.047, 0.059
0.295, 0.028, 0.009, 0.034, 0.046
0.226, 0.039, 0.009, 0.028, 0.029
0.235, 0.05, 0.009, 0.032, 0.029
0.23, 0.054, 0.009, 0.035, 0.03
0.217, 0.048, 0.009, 0.03, 0.028
0.342, 0.025, 0.009, 0.051, 0.058
0.271, 0.05, 0.01, 0.03, 0.033
0.217, 0.049, 0.009, 0.028, 0.028
0.341, 0.021, 0.009, 0.054, 0.069
0.231, 0.05, 0.01, 0.029, 0.029
0.233, 0.05, 0.008, 0.03, 0.027
0.398, 0.024, 0.009, 0.059, 0.071
0.253, 0.053, 0.011, 0.03, 0.031
0.222, 0.052, 0.008, 0.029, 0.029
0.365, 0.026, 0.01, 0.062, 0.07
0.222, 0.053, 0.016, 0.033, 0.033
0.219, 0.043, 0.009, 0.032, 0.028
0.228, 0.05, 0.009, 0.032, 0.041
0.234, 0.053, 0.01, 0.033, 0.031
0.219, 0.052, 0.008, 0.03, 0.029
0.378, 0.039, 0.02, 0.063, 0.074
0.315, 0.029, 0.009, 0.048, 0.059
0.241, 0.04, 0.009, 0.03, 0.029
7.349, 0.028, 0.011, 0.07, 0.096
0.345, 0.022, 0.009, 0.047, 0.071
0.228, 0.039, 0.008, 0.027, 0.028
0.28, 0.027, 0.01, 0.04, 0.044
0.229, 0.06, 0.009, 0.029, 0.029
0.271, 0.048, 0.009, 0.029, 0.028
0.451, 0.029, 0.01, 0.075, 0.102
0.222, 0.051, 0.009, 0.029, 0.031
0.215, 0.048, 0.008, 0.028, 0.028
0.228, 0.053, 0.009, 0.029, 0.029
0.316, 0.027, 0.01, 0.053, 0.059
0.233, 0.037, 0.009, 0.031, 0.028
0.233, 0.051, 0.009, 0.03, 0.03
0.322, 0.026, 0.02, 0.049, 0.059
0.23, 0.039, 0.009, 0.029, 0.029
0.277, 0.027, 0.009, 0.043, 0.043
0.219, 0.049, 0.008, 0.03, 0.039
0.24, 0.049, 0.008, 0.03, 0.028
0.278, 0.026, 0.009, 0.039, 0.042
0.23, 0.049, 0.009, 0.03, 0.039
0.24, 0.051, 0.01, 0.029, 0.028
0.29, 0.026, 0.008, 0.036, 0.039
0.277, 0.048, 0.009, 0.027, 0.042
0.225, 0.05, 0.007, 0.028, 0.025
0.341, 0.023, 0.009, 0.049, 0.058
0.347, 0.024, 0.007, 0.055, 0.057
0.239, 0.042, 0.009, 0.027, 0.025
0.407, 0.029, 0.009, 0.052, 0.062
0.4, 0.037, 0.009, 0.052, 0.069
0.242, 0.039, 0.009, 0.033, 0.027
0.231, 0.061, 0.01, 0.033, 0.035
0.232, 0.049, 0.009, 0.025, 0.025
0.215, 0.047, 0.008, 0.025, 0.024
0.254, 0.058, 0.011, 0.027, 0.028
0.282, 0.053, 0.011, 0.029, 0.028
0.225, 0.047, 0.009, 0.026, 0.023
0.459, 0.06, 0.03, 0.082, 0.114
0.263, 0.059, 0.011, 0.029, 0.031
0.239, 0.061, 0.013, 0.038, 0.033
0.488, 0.039, 0.038, 0.067, 0.092
0.252, 0.046, 0.019, 0.03, 0.028
0.234, 0.06, 0.013, 0.038, 0.028
0.242, 0.078, 0.019, 0.038, 0.035
0.391, 0.046, 0.05, 0.054, 0.07
0.228, 0.04, 0.009, 0.026, 0.025
0.303, 0.034, 0.017, 0.041, 0.049
0.312, 0.028, 0.01, 0.044, 0.041
0.226, 0.029, 0.009, 0.028, 0.023
0.216, 0.036, 0.008, 0.028, 0.025
0.213, 0.034, 0.008, 0.047, 0.024
0.221, 0.034, 0.007, 0.026, 0.024
0.223, 0.044, 0.015, 0.03, 0.033
0.221, 0.028, 0.008, 0.025, 0.025
0.238, 0.036, 0.007, 0.027, 0.024
0.313, 0.031, 0.016, 0.057, 0.073
0.4, 0.043, 0.013, 0.039, 0.042
0.338, 0.034, 0.009, 0.03, 0.03
0.225, 0.06, 0.032, 0.05, 0.057
0.299, 0.03, 0.01, 0.046, 0.041
0.22, 0.031, 0.009, 0.025, 0.026
0.207, 0.045, 0.013, 0.042, 0.035
0.219, 0.042, 0.021, 0.035, 0.051
0.226, 0.038, 0.012, 0.035, 0.035
0.228, 0.048, 0.018, 0.044, 0.046
0.245, 0.06, 0.018, 0.034, 0.056
0.208, 0.034, 0.009, 0.029, 0.027
0.277, 0.035, 0.013, 0.041, 0.042
0.263, 0.047, 0.011, 0.03, 0.028
0.229, 0.034, 0.008, 0.027, 0.023
0.288, 0.031, 0.018, 0.047, 0.061
0.231, 0.036, 0.009, 0.028, 0.026
0.218, 0.033, 0.008, 0.027, 0.023
0.292, 0.023, 0.009, 0.037, 0.035
0.338, 0.036, 0.01, 0.061, 0.062
0.216, 0.028, 0.008, 0.025, 0.023
0.752, 0.049, 0.018, 0.033, 0.033
0.264, 0.025, 0.011, 0.036, 0.056
0.212, 0.034, 0.009, 0.033, 0.028
0.21, 0.059, 0.02, 0.04, 0.034
0.348, 0.031, 0.011, 0.051, 0.065
0.214, 0.028, 0.008, 0.025, 0.024
0.329, 0.028, 0.011, 0.051, 0.083
0.253, 0.03, 0.008, 0.032, 0.037
0.221, 0.034, 0.007, 0.027, 0.024
0.234, 0.041, 0.012, 0.03, 0.029
0.253, 0.041, 0.006, 0.028, 0.023
0.233, 0.033, 0.007, 0.027, 0.023
0.357, 0.023, 0.012, 0.051, 0.064
0.265, 0.025, 0.012, 0.055, 0.039
0.217, 0.029, 0.009, 0.028, 0.028
0.21, 0.043, 0.013, 0.033, 0.032
0.202, 0.038, 0.01, 0.03, 0.031
0.21, 0.035, 0.009, 0.031, 0.027
0.206, 0.041, 0.013, 0.033, 0.03
0.211, 0.037, 0.009, 0.03, 0.028
0.216, 0.035, 0.009, 0.03, 0.028
0.243, 0.046, 0.012, 0.028, 0.029
0.207, 0.038, 0.009, 0.026, 0.026
0.209, 0.041, 0.013, 0.034, 0.033
0.223, 0.044, 0.012, 0.033, 0.032
0.233, 0.053, 0.027, 0.035, 0.033
0.207, 0.037, 0.009, 0.031, 0.03
0.216, 0.042, 0.012, 0.034, 0.032
0.22, 0.038, 0.009, 0.031, 0.027
0.203, 0.035, 0.009, 0.03, 0.027
0.301, 0.063, 0.014, 0.035, 0.033
0.219, 0.038, 0.008, 0.031, 0.028
0.208, 0.035, 0.009, 0.031, 0.028
0.226, 0.047, 0.016, 0.034, 0.034
0.205, 0.045, 0.012, 0.031, 0.031
0.215, 0.038, 0.009, 0.029, 0.029
0.253, 0.048, 0.013, 0.037, 0.038
0.222, 0.041, 0.011, 0.028, 0.028
0.21, 0.035, 0.008, 0.024, 0.024
0.233, 0.05, 0.023, 0.032, 0.039
0.231, 0.046, 0.012, 0.027, 0.029
0.214, 0.035, 0.008, 0.023, 0.024
0.215, 0.038, 0.009, 0.024, 0.036
0.218, 0.036, 0.007, 0.026, 0.022
0.234, 0.036, 0.007, 0.024, 0.024
0.216, 0.04, 0.01, 0.026, 0.027
0.223, 0.034, 0.008, 0.025, 0.024
0.205, 0.035, 0.007, 0.025, 0.024
0.236, 0.043, 0.01, 0.027, 0.029
0.421, 0.018, 0.008, 0.083, 0.081
0.203, 0.038, 0.007, 0.026, 0.023
0.248, 0.05, 0.011, 0.031, 0.029
0.441, 0.038, 0.008, 0.066, 0.081
0.21, 0.031, 0.007, 0.024, 0.023
0.26, 0.037, 0.014, 0.032, 0.031
0.342, 0.022, 0.01, 0.043, 0.062
0.287, 0.047, 0.009, 0.028, 0.03
0.264, 0.048, 0.013, 0.046, 0.03
0.286, 0.03, 0.009, 0.036, 0.037
0.204, 0.034, 0.009, 0.024, 0.024
0.226, 0.044, 0.013, 0.028, 0.03
0.387, 0.039, 0.01, 0.05, 0.065
0.227, 0.033, 0.009, 0.029, 0.028
0.214, 0.044, 0.01, 0.03, 0.03
0.601, 0.024, 0.009, 0.094, 0.134
0.593, 0.034, 0.009, 0.031, 0.028
0.233, 0.056, 0.011, 0.03, 0.028
0.468, 0.034, 0.011, 0.065, 0.081
0.291, 0.071, 0.009, 0.03, 0.03
0.219, 0.045, 0.011, 0.029, 0.029
0.648, 0.025, 0.009, 0.102, 0.137
0.598, 0.05, 0.009, 0.03, 0.028
0.226, 0.05, 0.013, 0.03, 0.032
0.424, 0.035, 0.011, 0.061, 0.083
0.274, 0.05, 0.01, 0.031, 0.03
0.219, 0.042, 0.011, 0.031, 0.031
0.389, 0.025, 0.012, 0.054, 0.062
0.269, 0.034, 0.009, 0.023, 0.024
0.415, 0.039, 0.012, 0.073, 0.082
0.46, 0.033, 0.009, 0.065, 0.096
0.284, 0.045, 0.008, 0.027, 0.024
0.829, 0.044, 0.016, 0.053, 0.051
0.363, 0.034, 0.01, 0.052, 0.079
0.244, 0.043, 0.011, 0.031, 0.029
0.421, 0.038, 0.009, 0.057, 0.075
0.273, 0.034, 0.01, 0.041, 0.038
0.234, 0.032, 0.008, 0.03, 0.029
0.224, 0.046, 0.011, 0.032, 0.031
0.36, 0.04, 0.01, 0.062, 0.062
0.214, 0.032, 0.009, 0.028, 0.028
0.241, 0.046, 0.01, 0.032, 0.031
0.541, 0.025, 0.011, 0.096, 0.113
0.333, 0.034, 0.009, 0.048, 0.03
0.235, 0.063, 0.014, 0.034, 0.034
0.285, 0.037, 0.012, 0.042, 0.04
0.221, 0.035, 0.008, 0.028, 0.028
0.261, 0.053, 0.011, 0.035, 0.031
0.632, 0.028, 0.014, 0.11, 0.12
0.566, 0.083, 0.009, 0.033, 0.026
0.282, 0.032, 0.009, 0.042, 0.038
0.471, 0.032, 0.01, 0.083, 0.09
0.503, 0.047, 0.009, 0.03, 0.025
0.234, 0.041, 0.011, 0.028, 0.029
0.514, 0.022, 0.012, 0.081, 0.097
0.349, 0.037, 0.009, 0.031, 0.028
0.247, 0.045, 0.01, 0.03, 0.03
0.476, 0.029, 0.009, 0.066, 0.088
0.311, 0.051, 0.009, 0.026, 0.026
0.386, 0.036, 0.012, 0.056, 0.076
0.391, 0.036, 0.01, 0.053, 0.059
0.251, 0.032, 0.008, 0.048, 0.029
0.29, 0.04, 0.019, 0.053, 0.064
0.52, 0.047, 0.019, 0.091, 0.155
0.426, 0.036, 0.01, 0.029, 0.031
0.471, 0.045, 0.02, 0.069, 0.09
0.354, 0.031, 0.01, 0.047, 0.08
0.214, 0.029, 0.008, 0.023, 0.023
0.342, 0.029, 0.007, 0.04, 0.057
0.42, 0.04, 0.012, 0.038, 0.042
0.246, 0.035, 0.009, 0.026, 0.025
0.338, 0.043, 0.041, 0.056, 0.082
0.354, 0.027, 0.022, 0.047, 0.069
0.26, 0.033, 0.01, 0.031, 0.03
0.373, 0.043, 0.026, 0.071, 0.083
0.339, 0.043, 0.016, 0.032, 0.033
0.279, 0.055, 0.013, 0.035, 0.033
0.374, 0.028, 0.013, 0.049, 0.067
0.219, 0.043, 0.012, 0.035, 0.028
0.226, 0.044, 0.011, 0.035, 0.028
0.314, 0.022, 0.011, 0.046, 0.061
0.276, 0.032, 0.009, 0.035, 0.039
0.226, 0.038, 0.012, 0.031, 0.027
0.367, 0.027, 0.012, 0.048, 0.065
0.317, 0.03, 0.011, 0.046, 0.051
0.288, 0.034, 0.009, 0.048, 0.033
0.201, 0.034, 0.011, 0.04, 0.029
0.269, 0.027, 0.011, 0.039, 0.043
0.209, 0.035, 0.009, 0.029, 0.025
0.318, 0.049, 0.014, 0.031, 0.033
0.603, 0.029, 0.011, 0.09, 0.127
0.573, 0.042, 0.01, 0.031, 0.029
0.207, 0.042, 0.014, 0.03, 0.03
0.35, 0.037, 0.017, 0.045, 0.09
0.233, 0.035, 0.01, 0.03, 0.029
0.222, 0.043, 0.012, 0.031, 0.031
0.675, 0.036, 0.011, 0.098, 0.131
2.297, 0.031, 0.014, 0.444, 0.554
0.478, 0.067, 0.013, 0.039, 0.036
0.384, 0.028, 0.012, 0.058, 0.079
0.219, 0.051, 0.01, 0.032, 0.03
0.217, 0.051, 0.009, 0.044, 0.03
0.293, 0.026, 0.011, 0.042, 0.044
0.217, 0.052, 0.01, 0.033, 0.031
0.266, 0.026, 0.011, 0.048, 0.047
0.385, 0.026, 0.011, 0.06, 0.078
0.216, 0.051, 0.01, 0.031, 0.029
0.275, 0.041, 0.01, 0.049, 0.045
0.358, 0.025, 0.011, 0.054, 0.075
0.223, 0.053, 0.01, 0.033, 0.029
0.277, 0.03, 0.013, 0.05, 0.055
0.346, 0.032, 0.018, 0.048, 0.054
0.229, 0.052, 0.011, 0.033, 0.031
0.353, 0.026, 0.011, 0.054, 0.072
0.375, 0.027, 0.011, 0.059, 0.08
0.237, 0.051, 0.011, 0.033, 0.029
0.318, 0.041, 0.03, 0.045, 0.05
0.51, 0.028, 0.015, 0.079, 0.122
0.237, 0.051, 0.01, 0.031, 0.03
0.364, 0.029, 0.013, 0.059, 0.079
0.322, 0.026, 0.01, 0.046, 0.044
0.247, 0.056, 0.014, 0.035, 0.033
0.228, 0.055, 0.011, 0.034, 0.05
0.536, 0.027, 0.01, 0.086, 0.135
0.226, 0.052, 0.011, 0.034, 0.031
0.241, 0.051, 0.009, 0.033, 0.03
0.321, 0.037, 0.01, 0.044, 0.059
0.229, 0.053, 0.009, 0.032, 0.03
0.209, 0.063, 0.01, 0.032, 0.029
0.257, 0.058, 0.016, 0.037, 0.051
0.229, 0.052, 0.01, 0.033, 0.029
0.226, 0.065, 0.013, 0.036, 0.033
0.321, 0.044, 0.012, 0.053, 0.076
0.23, 0.053, 0.01, 0.033, 0.03
0.311, 0.04, 0.009, 0.05, 0.059
0.214, 0.056, 0.011, 0.033, 0.031
0.221, 0.053, 0.009, 0.032, 0.03
0.335, 0.025, 0.01, 0.057, 0.055
0.251, 0.096, 0.025, 0.043, 0.056
0.233, 0.054, 0.012, 0.033, 0.033
0.338, 0.029, 0.013, 0.055, 0.064
0.239, 0.057, 0.012, 0.035, 0.034
0.222, 0.051, 0.01, 0.031, 0.03
0.282, 0.039, 0.012, 0.042, 0.048
0.234, 0.055, 0.012, 0.033, 0.032
0.217, 0.051, 0.01, 0.033, 0.03
0.296, 0.057, 0.012, 0.035, 0.032
0.239, 0.054, 0.011, 0.035, 0.031
0.323, 0.026, 0.009, 0.047, 0.059
0.297, 0.041, 0.011, 0.044, 0.046
0.237, 0.055, 0.012, 0.033, 0.031
0.322, 0.026, 0.009, 0.051, 0.059
0.309, 0.061, 0.012, 0.035, 0.033
0.224, 0.053, 0.013, 0.034, 0.033
0.22, 0.056, 0.009, 0.033, 0.03
0.23, 0.065, 0.013, 0.036, 0.033
0.229, 0.057, 0.012, 0.033, 0.032
0.222, 0.058, 0.01, 0.033, 0.031
0.223, 0.059, 0.025, 0.035, 0.033
0.265, 0.064, 0.012, 0.035, 0.033
0.217, 0.055, 0.012, 0.032, 0.03
0.233, 0.057, 0.012, 0.045, 0.032
0.265, 0.063, 0.012, 0.033, 0.032
0.225, 0.055, 0.012, 0.032, 0.03
0.23, 0.058, 0.012, 0.035, 0.032
0.231, 0.113, 0.012, 0.037, 0.032
0.226, 0.053, 0.01, 0.032, 0.03
0.226, 0.056, 0.012, 0.034, 0.031
0.249, 0.061, 0.012, 0.035, 0.033
0.219, 0.063, 0.01, 0.033, 0.031
0.229, 0.055, 0.023, 0.031, 0.032
0.251, 0.057, 0.012, 0.034, 0.032
0.209, 0.053, 0.01, 0.043, 0.031
0.316, 0.038, 0.011, 0.045, 0.044
0.345, 0.032, 0.011, 0.05, 0.061
0.223, 0.052, 0.011, 0.045, 0.032
0.229, 0.053, 0.013, 0.035, 0.032
0.313, 0.031, 0.015, 0.044, 0.049
0.221, 0.05, 0.012, 0.032, 0.03
0.222, 0.056, 0.014, 0.035, 0.032
0.359, 0.027, 0.012, 0.053, 0.062
0.223, 0.057, 0.011, 0.033, 0.03
0.241, 0.059, 0.011, 0.035, 0.032
0.566, 0.029, 0.012, 0.096, 0.155
0.238, 0.044, 0.011, 0.043, 0.031
0.227, 0.057, 0.014, 0.035, 0.034
0.365, 0.03, 0.012, 0.053, 0.075
0.244, 0.05, 0.011, 0.033, 0.03
0.224, 0.053, 0.012, 0.035, 0.031
0.596, 0.029, 0.013, 0.106, 0.169
0.472, 0.065, 0.009, 0.033, 0.03
0.222, 0.052, 0.01, 0.032, 0.029
0.355, 0.037, 0.009, 0.056, 0.07
0.222, 0.046, 0.009, 0.029, 0.029
0.226, 0.053, 0.011, 0.032, 0.031
0.229, 0.051, 0.01, 0.033, 0.03
0.206, 0.049, 0.008, 0.031, 0.028
0.221, 0.051, 0.009, 0.031, 0.029
0.384, 0.029, 0.018, 0.062, 0.082
0.214, 0.049, 0.01, 0.032, 0.031
0.241, 0.053, 0.009, 0.033, 0.031
0.224, 0.055, 0.01, 0.033, 0.03
0.22, 0.05, 0.01, 0.031, 0.03
0.234, 0.052, 0.009, 0.032, 0.03
0.227, 0.053, 0.01, 0.033, 0.032
0.261, 0.052, 0.009, 0.032, 0.03
0.293, 0.033, 0.009, 0.043, 0.043
0.219, 0.047, 0.011, 0.032, 0.029
0.205, 0.045, 0.009, 0.032, 0.028
0.232, 0.05, 0.009, 0.033, 0.03
0.226, 0.051, 0.01, 0.034, 0.03
0.234, 0.049, 0.009, 0.031, 0.03
0.212, 0.048, 0.009, 0.032, 0.031
0.24, 0.062, 0.016, 0.037, 0.039
0.212, 0.049, 0.01, 0.03, 0.029
0.274, 0.031, 0.012, 0.045, 0.045
0.268, 0.055, 0.012, 0.034, 0.032
0.228, 0.049, 0.009, 0.033, 0.03
0.227, 0.056, 0.011, 0.033, 0.031
0.324, 0.075, 0.031, 0.055, 0.054
0.209, 0.093, 0.013, 0.033, 0.031
0.227, 0.236, 0.022, 0.041, 0.044
0.44, 0.042, 0.023, 0.076, 0.114
0.398, 0.054, 0.01, 0.034, 0.03
0.222, 0.059, 0.015, 0.039, 0.033
0.49, 0.055, 0.038, 0.089, 0.129
0.505, 0.062, 0.012, 0.032, 0.032
0.226, 0.061, 0.02, 0.037, 0.036
0.323, 0.079, 0.03, 0.054, 0.079
0.228, 0.062, 0.011, 0.033, 0.029
0.225, 0.061, 0.015, 0.032, 0.034
0.26, 0.088, 0.041, 0.044, 0.055
0.38, 0.079, 0.014, 0.034, 0.034
0.256, 0.071, 0.018, 0.036, 0.036
0.37, 0.057, 0.034, 0.061, 0.087
0.25, 0.058, 0.011, 0.031, 0.031
0.216, 0.064, 0.011, 0.03, 0.031
0.259, 0.056, 0.012, 0.041, 0.048
0.199, 0.043, 0.009, 0.028, 0.029
0.286, 0.026, 0.009, 0.041, 0.042
0.511, 0.061, 0.014, 0.032, 0.034
1.281, 0.081, 0.009, 0.03, 0.03
0.215, 0.05, 0.012, 0.044, 0.033
0.265, 0.048, 0.012, 0.043, 0.048
0.195, 0.037, 0.011, 0.027, 0.029
0.265, 0.026, 0.011, 0.04, 0.058
0.212, 0.047, 0.011, 0.031, 0.031
0.214, 0.048, 0.009, 0.033, 0.03
0.29, 0.038, 0.01, 0.061, 0.047
0.234, 0.099, 0.014, 0.038, 0.037
0.223, 0.047, 0.01, 0.031, 0.03
0.217, 0.048, 0.01, 0.031, 0.03
0.257, 0.048, 0.01, 0.041, 0.048
0.203, 0.05, 0.009, 0.033, 0.029
0.204, 0.049, 0.01, 0.033, 0.029
0.24, 0.054, 0.012, 0.035, 0.033
0.204, 0.045, 0.01, 0.03, 0.029
0.221, 0.255, 0.014, 0.038, 0.035
0.274, 0.061, 0.016, 0.045, 0.054
0.205, 0.037, 0.011, 0.029, 0.031
0.212, 0.048, 0.01, 0.033, 0.03
0.416, 0.038, 0.011, 0.072, 0.103
0.293, 0.05, 0.01, 0.032, 0.029
0.333, 0.036, 0.01, 0.055, 0.091
0.221, 0.051, 0.011, 0.033, 0.031
0.208, 0.044, 0.009, 0.03, 0.029
0.274, 0.037, 0.009, 0.041, 0.043
0.459, 0.04, 0.015, 0.079, 0.109
0.319, 0.051, 0.01, 0.03, 0.029
0.353, 0.025, 0.009, 0.069, 0.074
0.228, 0.053, 0.013, 0.035, 0.032
0.206, 0.046, 0.01, 0.031, 0.029
0.356, 0.038, 0.01, 0.047, 0.062
0.22, 0.056, 0.015, 0.035, 0.036
0.211, 0.047, 0.01, 0.032, 0.03
0.216, 0.046, 0.01, 0.044, 0.029
0.364, 0.04, 0.014, 0.058, 0.074
0.23, 0.052, 0.009, 0.03, 0.029
0.324, 0.047, 0.01, 0.05, 0.063
0.373, 0.042, 0.028, 0.066, 0.094
0.263, 0.052, 0.01, 0.034, 0.029
0.469, 0.04, 0.016, 0.081, 0.12
0.361, 0.036, 0.019, 0.058, 0.086
0.233, 0.038, 0.011, 0.03, 0.043
0.327, 0.038, 0.011, 0.051, 0.061
0.373, 0.036, 0.014, 0.062, 0.078
0.229, 0.034, 0.01, 0.04, 0.031
0.508, 0.032, 0.024, 0.091, 0.131
0.242, 0.067, 0.027, 0.039, 0.049
0.208, 0.045, 0.011, 0.031, 0.04
0.733, 0.041, 0.014, 0.126, 0.163
0.242, 0.066, 0.017, 0.037, 0.038
0.223, 0.04, 0.01, 0.028, 0.03
0.409, 0.032, 0.011, 0.059, 0.095
0.371, 0.028, 0.011, 0.055, 0.074
0.21, 0.062, 0.009, 0.03, 0.031
0.629, 0.028, 0.016, 0.124, 0.162
0.241, 0.052, 0.013, 0.032, 0.031
0.208, 0.091, 0.013, 0.035, 0.034
0.469, 0.176, 0.015, 0.084, 0.116
0.403, 0.027, 0.012, 0.062, 0.08
0.219, 0.057, 0.01, 0.026, 0.03
0.578, 0.047, 0.027, 0.119, 0.163
0.31, 0.062, 0.02, 0.053, 0.075
0.208, 0.059, 0.011, 0.03, 0.029
0.498, 0.031, 0.017, 0.096, 0.124
0.248, 0.073, 0.039, 0.043, 0.06
0.217, 0.043, 0.011, 0.03, 0.03
0.551, 0.051, 0.037, 0.104, 0.168
0.481, 0.086, 0.034, 0.061, 0.105
0.422, 0.046, 0.011, 0.024, 0.029
0.352, 0.055, 0.044, 0.062, 0.09
0.306, 0.087, 0.043, 0.045, 0.057
0.208, 0.038, 0.011, 0.032, 0.031
0.658, 0.158, 0.047, 0.126, 0.195
0.318, 0.097, 0.042, 0.046, 0.079
0.24, 0.054, 0.011, 0.034, 0.033
0.375, 0.035, 0.023, 0.06, 0.086
0.253, 0.059, 0.018, 0.037, 0.037
0.209, 0.069, 0.012, 0.036, 0.031
0.351, 0.034, 0.016, 0.06, 0.079
0.286, 0.052, 0.014, 0.042, 0.048
0.205, 0.052, 0.01, 0.033, 0.03
0.391, 0.032, 0.012, 0.062, 0.075
0.327, 0.06, 0.011, 0.037, 0.031
0.202, 0.042, 0.01, 0.045, 0.029
0.528, 0.032, 0.014, 0.09, 0.132
0.285, 0.059, 0.012, 0.048, 0.049
0.2, 0.053, 0.011, 0.032, 0.03
0.272, 0.067, 0.012, 0.049, 0.046
0.309, 0.06, 0.015, 0.054, 0.066
0.209, 0.042, 0.012, 0.029, 0.03
0.533, 0.026, 0.01, 0.099, 0.133
0.237, 0.08, 0.011, 0.038, 0.034
0.316, 0.03, 0.011, 0.047, 0.063
0.349, 0.025, 0.011, 0.053, 0.072
0.319, 0.051, 0.01, 0.051, 0.06
0.306, 0.028, 0.01, 0.045, 0.058
0.364, 0.028, 0.01, 0.064, 0.076
0.209, 0.05, 0.009, 0.03, 0.029
3.457, 0.051, 0.01, 0.03, 0.029
0.604, 0.034, 0.013, 0.079, 0.13
0.238, 0.051, 0.01, 0.032, 0.032
0.249, 0.05, 0.011, 0.031, 0.03
0.231, 0.049, 0.01, 0.031, 0.03
0.458, 0.027, 0.011, 0.078, 0.125
0.249, 0.053, 0.009, 0.033, 0.031
0.492, 0.029, 0.009, 0.088, 0.117
0.498, 0.03, 0.01, 0.087, 0.117
0.28, 0.053, 0.009, 0.035, 0.031
0.222, 0.052, 0.01, 0.033, 0.029
0.596, 0.029, 0.009, 0.104, 0.153
0.223, 0.052, 0.009, 0.033, 0.029
0.228, 0.053, 0.009, 0.035, 0.031
0.236, 0.054, 0.009, 0.035, 0.029
0.231, 0.052, 0.009, 0.035, 0.03
0.403, 0.028, 0.01, 0.064, 0.085
0.641, 0.027, 0.01, 0.131, 0.159
0.222, 0.053, 0.009, 0.033, 0.03
0.347, 0.028, 0.01, 0.053, 0.059
0.793, 0.027, 0.011, 0.13, 0.191
0.22, 0.051, 0.011, 0.031, 0.03
0.433, 0.028, 0.011, 0.066, 0.088
0.799, 0.029, 0.012, 0.143, 0.201
0.212, 0.054, 0.009, 0.025, 0.031
0.449, 0.029, 0.009, 0.069, 0.107
0.67, 0.029, 0.012, 0.122, 0.195
0.232, 0.052, 0.01, 0.035, 0.029
0.313, 0.053, 0.01, 0.054, 0.072
0.759, 0.03, 0.013, 0.139, 0.2
0.809, 0.049, 0.009, 0.034, 0.03
0.471, 0.031, 0.014, 0.081, 0.11
0.735, 0.047, 0.012, 0.13, 0.196
0.758, 0.061, 0.01, 0.035, 0.03
0.356, 0.031, 0.009, 0.054, 0.07
0.346, 0.036, 0.015, 0.053, 0.092
0.214, 0.038, 0.009, 0.029, 0.031
0.267, 0.051, 0.01, 0.042, 0.045
0.794, 0.038, 0.011, 0.146, 0.197
0.951, 0.073, 0.01, 0.033, 0.03
0.42, 0.038, 0.012, 0.063, 0.077
0.822, 0.039, 0.013, 0.16, 0.25
0.914, 0.045, 0.009, 0.032, 0.029
0.225, 0.048, 0.009, 0.033, 0.031
0.228, 0.055, 0.014, 0.04, 0.033
0.211, 0.049, 0.009, 0.036, 0.03
0.218, 0.053, 0.011, 0.038, 0.035
0.962, 0.039, 0.012, 0.194, 0.246
1.189, 0.044, 0.009, 0.032, 0.043
0.262, 0.05, 0.01, 0.043, 0.045
0.754, 0.039, 0.01, 0.15, 0.2
0.825, 0.05, 0.01, 0.033, 0.03
0.227, 0.048, 0.01, 0.035, 0.029
0.393, 0.031, 0.01, 0.068, 0.072
0.206, 0.041, 0.009, 0.032, 0.03
0.259, 0.05, 0.01, 0.047, 0.046
0.82, 0.05, 0.012, 0.169, 0.229
0.955, 0.069, 0.009, 0.033, 0.031
0.292, 0.051, 0.009, 0.053, 0.057
0.49, 0.039, 0.013, 0.094, 0.143
0.461, 0.046, 0.009, 0.032, 0.03
0.298, 0.05, 0.011, 0.055, 0.06
0.266, 0.068, 0.011, 0.045, 0.047
0.205, 0.044, 0.01, 0.033, 0.029
0.337, 0.037, 0.009, 0.057, 0.072
0.545, 0.039, 0.016, 0.1, 0.138
0.511, 0.05, 0.009, 0.032, 0.041
0.271, 0.061, 0.01, 0.046, 0.046
0.251, 0.049, 0.012, 0.044, 0.046
0.21, 0.045, 0.009, 0.031, 0.03
0.354, 0.033, 0.009, 0.07, 0.075
0.23, 0.052, 0.014, 0.037, 0.033
0.208, 0.047, 0.011, 0.033, 0.03
0.371, 0.039, 0.01, 0.066, 0.085
0.279, 0.054, 0.017, 0.048, 0.057
0.199, 0.043, 0.01, 0.032, 0.031
0.209, 0.048, 0.01, 0.046, 0.029
0.235, 0.052, 0.012, 0.035, 0.03
0.204, 0.047, 0.009, 0.034, 0.028
0.397, 0.037, 0.01, 0.071, 0.088
0.221, 0.058, 0.01, 0.034, 0.032
0.288, 0.045, 0.009, 0.032, 0.029
0.225, 0.047, 0.01, 0.03, 0.029
0.421, 0.037, 0.015, 0.072, 0.104
0.293, 0.053, 0.009, 0.032, 0.029
0.206, 0.059, 0.009, 0.035, 0.03
0.22, 0.057, 0.015, 0.037, 0.035
0.203, 0.047, 0.01, 0.034, 0.029
0.212, 0.054, 0.009, 0.047, 0.03
0.444, 0.04, 0.012, 0.08, 0.107
0.349, 0.054, 0.011, 0.034, 0.029
0.228, 0.056, 0.013, 0.037, 0.042
0.429, 0.046, 0.022, 0.081, 0.116
0.411, 0.067, 0.011, 0.031, 0.031
0.209, 0.052, 0.01, 0.032, 0.031
0.238, 0.058, 0.014, 0.034, 0.035
0.215, 0.047, 0.011, 0.028, 0.041
0.416, 0.035, 0.01, 0.071, 0.1
0.523, 0.052, 0.028, 0.085, 0.123
0.427, 0.046, 0.011, 0.032, 0.033
0.328, 0.061, 0.013, 0.057, 0.063
0.359, 0.03, 0.013, 0.057, 0.078
0.209, 0.053, 0.01, 0.037, 0.03
0.469, 0.03, 0.011, 0.08, 0.105
0.282, 0.054, 0.012, 0.042, 0.045
0.212, 0.046, 0.01, 0.031, 0.029
0.284, 0.056, 0.009, 0.054, 0.058
0.368, 0.059, 0.017, 0.075, 0.082
0.215, 0.068, 0.009, 0.035, 0.03
0.359, 0.032, 0.01, 0.063, 0.075
0.292, 0.063, 0.028, 0.046, 0.05
0.225, 0.041, 0.01, 0.029, 0.029
0.297, 0.049, 0.01, 0.05, 0.061
0.28, 0.052, 0.013, 0.054, 0.047
0.237, 0.039, 0.01, 0.028, 0.029
0.442, 0.024, 0.009, 0.069, 0.096
0.528, 0.031, 0.013, 0.091, 0.127
0.421, 0.058, 0.009, 0.036, 0.039
0.533, 0.028, 0.01, 0.088, 0.115
0.341, 0.029, 0.014, 0.051, 0.063
0.236, 0.048, 0.009, 0.03, 0.028
0.46, 0.028, 0.01, 0.081, 0.104
0.596, 0.038, 0.022, 0.106, 0.144
0.578, 0.055, 0.011, 0.033, 0.03
0.257, 0.051, 0.01, 0.042, 0.056
0.661, 0.027, 0.013, 0.127, 0.168
0.708, 0.071, 0.01, 0.032, 0.03
0.219, 0.05, 0.01, 0.032, 0.042
0.231, 0.055, 0.011, 0.035, 0.031
0.22, 0.05, 0.009, 0.033, 0.029
0.285, 0.051, 0.01, 0.055, 0.045
0.681, 0.026, 0.015, 0.124, 0.185
0.717, 0.056, 0.01, 0.036, 0.03
0.507, 0.03, 0.01, 0.113, 0.141
0.856, 0.03, 0.013, 0.174, 0.234
0.287, 0.058, 0.01, 0.05, 0.062
1.411, 0.063, 0.009, 0.035, 0.028
0.244, 0.057, 0.012, 0.037, 0.031
0.209, 0.055, 0.009, 0.036, 0.028
0.591, 0.029, 0.01, 0.117, 0.144
0.911, 0.027, 0.012, 0.181, 0.239
0.593, 0.038, 0.008, 0.08, 0.122
1.661, 0.054, 0.009, 0.033, 0.029
0.468, 0.049, 0.017, 0.076, 0.111
0.404, 0.063, 0.01, 0.036, 0.029
0.315, 0.046, 0.011, 0.065, 0.06
0.285, 0.06, 0.013, 0.05, 0.066
0.22, 0.046, 0.01, 0.033, 0.029
0.493, 0.025, 0.01, 0.086, 0.117
0.482, 0.027, 0.01, 0.09, 0.106
0.314, 0.048, 0.009, 0.037, 0.029
0.603, 0.028, 0.01, 0.123, 0.163
0.304, 0.067, 0.015, 0.052, 0.065
0.275, 0.071, 0.01, 0.036, 0.03
0.324, 0.031, 0.01, 0.053, 0.058
0.337, 0.056, 0.012, 0.054, 0.063
0.264, 0.027, 0.009, 0.038, 0.045
0.709, 0.033, 0.01, 0.131, 0.185
0.452, 0.03, 0.011, 0.073, 0.1
0.302, 0.035, 0.009, 0.038, 0.042
0.284, 0.052, 0.009, 0.049, 0.059
0.41, 0.029, 0.011, 0.06, 0.073
0.25, 0.047, 0.01, 0.029, 0.03
0.331, 0.028, 0.009, 0.051, 0.07
0.467, 0.03, 0.013, 0.081, 0.105
0.356, 0.048, 0.009, 0.033, 0.028
0.298, 0.052, 0.009, 0.066, 0.061
0.41, 0.055, 0.029, 0.066, 0.123
0.449, 0.055, 0.011, 0.036, 0.031
0.206, 0.052, 0.01, 0.035, 0.043
0.401, 0.031, 0.01, 0.065, 0.075
0.199, 0.051, 0.009, 0.033, 0.029
0.213, 0.048, 0.009, 0.033, 0.031
0.273, 0.068, 0.02, 0.038, 0.045
0.206, 0.045, 0.012, 0.029, 0.029
0.279, 0.05, 0.009, 0.049, 0.075
0.26, 0.059, 0.012, 0.038, 0.033
0.23, 0.049, 0.01, 0.033, 0.029
0.207, 0.064, 0.01, 0.037, 0.029
0.251, 0.066, 0.015, 0.051, 0.036
0.209, 0.048, 0.01, 0.032, 0.029
0.388, 0.068, 0.012, 0.053, 0.065
0.294, 0.069, 0.021, 0.038, 0.042
0.221, 0.045, 0.011, 0.03, 0.03
0.279, 0.05, 0.01, 0.049, 0.057
0.309, 0.059, 0.015, 0.037, 0.036
0.223, 0.044, 0.01, 0.029, 0.03
0.217, 0.051, 0.01, 0.034, 0.03
0.367, 0.027, 0.012, 0.057, 0.091
0.241, 0.051, 0.01, 0.031, 0.028
0.309, 0.049, 0.009, 0.053, 0.06
0.254, 0.057, 0.011, 0.035, 0.044
0.223, 0.051, 0.01, 0.031, 0.029
0.379, 0.026, 0.009, 0.063, 0.086
0.429, 0.029, 0.012, 0.061, 0.078
0.234, 0.054, 0.009, 0.042, 0.029
0.262, 0.052, 0.009, 0.044, 0.043
0.653, 0.071, 0.019, 0.056, 0.068
0.483, 0.084, 0.023, 0.033, 0.031
0.418, 0.147, 0.012, 0.074, 0.093
0.274, 0.069, 0.029, 0.041, 0.052
0.219, 0.044, 0.011, 0.029, 0.03
0.303, 0.052, 0.01, 0.049, 0.061
0.334, 0.055, 0.014, 0.055, 0.07
0.24, 0.045, 0.01, 0.031, 0.03
0.31, 0.051, 0.01, 0.053, 0.062
0.261, 0.062, 0.017, 0.037, 0.041
0.228, 0.046, 0.011, 0.031, 0.03
0.347, 0.028, 0.009, 0.057, 0.072
0.255, 0.055, 0.011, 0.035, 0.032
0.22, 0.053, 0.01, 0.033, 0.031
0.371, 0.027, 0.023, 0.062, 0.075
0.246, 0.054, 0.011, 0.034, 0.034
0.217, 0.051, 0.009, 0.055, 0.029
0.283, 0.05, 0.01, 0.05, 0.06
0.234, 0.053, 0.01, 0.033, 0.031
0.216, 0.049, 0.009, 0.032, 0.029
0.229, 0.052, 0.009, 0.033, 0.029
0.239, 0.061, 0.015, 0.037, 0.038
0.218, 0.054, 0.009, 0.031, 0.03
0.316, 0.027, 0.009, 0.053, 0.073
0.503, 0.032, 0.012, 0.082, 0.116
0.502, 0.065, 0.01, 0.041, 0.03
0.37, 0.027, 0.009, 0.077, 0.086
0.286, 0.053, 0.01, 0.045, 0.043
0.214, 0.056, 0.009, 0.032, 0.029
0.419, 0.027, 0.009, 0.07, 0.087
0.567, 0.031, 0.014, 0.088, 0.136
0.528, 0.078, 0.009, 0.032, 0.03
0.234, 0.051, 0.008, 0.032, 0.03
0.323, 0.056, 0.012, 0.051, 0.077
0.239, 0.044, 0.01, 0.032, 0.029
0.216, 0.051, 0.009, 0.034, 0.03
0.226, 0.053, 0.009, 0.034, 0.03
0.211, 0.051, 0.008, 0.031, 0.028
0.411, 0.028, 0.009, 0.072, 0.098
0.308, 0.055, 0.012, 0.067, 0.064
0.23, 0.081, 0.01, 0.033, 0.029
0.254, 0.05, 0.009, 0.043, 0.043
0.373, 0.032, 0.015, 0.058, 0.079
0.26, 0.06, 0.011, 0.033, 0.03
0.455, 0.026, 0.01, 0.076, 0.112
0.231, 0.069, 0.012, 0.036, 0.032
0.233, 0.051, 0.011, 0.031, 0.028
0.411, 0.028, 0.009, 0.063, 0.086
0.383, 0.028, 0.013, 0.059, 0.076
0.246, 0.09, 0.009, 0.061, 0.029
0.269, 0.051, 0.009, 0.044, 0.044
0.267, 0.061, 0.018, 0.047, 0.054
0.229, 0.047, 0.011, 0.03, 0.03
0.418, 0.028, 0.009, 0.063, 0.101
0.279, 0.054, 0.012, 0.046, 0.045
0.22, 0.044, 0.01, 0.03, 0.029
0.33, 0.027, 0.009, 0.056, 0.073
0.275, 0.055, 0.011, 0.045, 0.048
0.219, 0.042, 0.009, 0.032, 0.028
0.358, 0.038, 0.009, 0.06, 0.076
0.469, 0.029, 0.012, 0.084, 0.115
0.515, 0.061, 0.009, 0.029, 0.03
0.22, 0.049, 0.01, 0.031, 0.029
0.31, 0.056, 0.012, 0.044, 0.047
0.226, 0.062, 0.009, 0.03, 0.03
0.234, 0.05, 0.009, 0.031, 0.03
0.647, 0.067, 0.017, 0.076, 0.118
0.582, 0.061, 0.008, 0.033, 0.024
0.425, 0.033, 0.008, 0.07, 0.081
0.332, 0.066, 0.017, 0.047, 0.058
0.229, 0.042, 0.009, 0.026, 0.024
0.413, 0.043, 0.008, 0.059, 0.069
0.356, 0.057, 0.01, 0.047, 0.068
0.222, 0.041, 0.008, 0.026, 0.024
0.449, 0.045, 0.011, 0.069, 0.095
0.245, 0.059, 0.012, 0.03, 0.029
0.215, 0.054, 0.007, 0.027, 0.023
0.234, 0.056, 0.008, 0.03, 0.026
0.272, 0.069, 0.013, 0.031, 0.032
0.223, 0.039, 0.008, 0.027, 0.024
0.237, 0.052, 0.008, 0.028, 0.024
0.231, 0.058, 0.028, 0.03, 0.029
0.22, 0.052, 0.009, 0.057, 0.045
0.222, 0.058, 0.01, 0.041, 0.034
0.254, 0.062, 0.013, 0.05, 0.037
0.215, 0.042, 0.011, 0.037, 0.033
0.298, 0.056, 0.01, 0.052, 0.066
0.327, 0.152, 0.012, 0.032, 0.038
0.246, 0.077, 0.011, 0.034, 0.034
0.304, 0.076, 0.011, 0.042, 0.052
0.257, 0.075, 0.033, 0.044, 0.041
0.254, 0.069, 0.012, 0.033, 0.032
0.347, 0.055, 0.011, 0.055, 0.068
0.262, 0.088, 0.015, 0.041, 0.038
0.254, 0.069, 0.012, 0.036, 0.033
0.601, 0.058, 0.012, 0.098, 0.117
0.344, 0.083, 0.016, 0.042, 0.037
0.234, 0.053, 0.011, 0.037, 0.031
0.241, 0.069, 0.011, 0.041, 0.034
0.314, 0.084, 0.023, 0.047, 0.048
0.248, 0.074, 0.011, 0.038, 0.033
0.636, 0.058, 0.011, 0.113, 0.127
0.262, 0.071, 0.015, 0.041, 0.038
0.221, 0.05, 0.011, 0.036, 0.033
0.459, 0.055, 0.011, 0.079, 0.094
0.275, 0.082, 0.025, 0.037, 0.041
0.261, 0.071, 0.009, 0.029, 0.024
0.241, 0.125, 0.012, 0.033, 0.027
0.329, 0.151, 0.026, 0.049, 0.056
0.249, 0.051, 0.01, 0.026, 0.024
0.484, 0.062, 0.013, 0.068, 0.087
0.323, 0.078, 0.012, 0.038, 0.04
0.236, 0.071, 0.008, 0.024, 0.024
0.969, 0.058, 0.012, 0.143, 0.205
0.309, 0.073, 0.015, 0.038, 0.043
0.238, 0.049, 0.009, 0.024, 0.024
0.331, 0.055, 0.009, 0.041, 0.048
0.326, 0.074, 0.009, 0.037, 0.04
0.227, 0.053, 0.008, 0.029, 0.025
1.062, 0.057, 0.009, 0.151, 0.219
0.312, 0.077, 0.019, 0.04, 0.056
0.421, 0.076, 0.01, 0.021, 0.029
0.766, 0.046, 0.01, 0.106, 0.154
0.315, 0.166, 0.016, 0.046, 0.047
0.232, 0.038, 0.009, 0.025, 0.025
0.451, 0.047, 0.008, 0.06, 0.07
0.283, 0.063, 0.013, 0.032, 0.034
0.213, 0.051, 0.008, 0.028, 0.026
0.777, 0.025, 0.009, 0.119, 0.184
0.245, 0.081, 0.017, 0.037, 0.037
0.209, 0.049, 0.008, 0.032, 0.038
0.703, 0.045, 0.008, 0.1, 0.141
0.327, 0.06, 0.01, 0.042, 0.052
0.21, 0.044, 0.008, 0.024, 0.024
0.384, 0.028, 0.008, 0.058, 0.058
0.36, 0.059, 0.01, 0.045, 0.05
0.226, 0.043, 0.007, 0.025, 0.024
0.761, 0.048, 0.009, 0.112, 0.157
0.587, 0.057, 0.009, 0.041, 0.05
0.31, 0.047, 0.007, 0.025, 0.023
0.91, 0.045, 0.009, 0.142, 0.221
0.246, 0.068, 0.009, 0.028, 0.027
0.231, 0.063, 0.009, 0.029, 0.027
0.511, 0.046, 0.013, 0.082, 0.094
0.386, 0.059, 0.02, 0.059, 0.068
0.236, 0.051, 0.011, 0.03, 0.029
1.012, 0.032, 0.015, 0.202, 0.241
0.518, 0.055, 0.009, 0.073, 0.095
0.465, 0.068, 0.011, 0.037, 0.041
0.65, 0.035, 0.012, 0.091, 0.123
0.376, 0.088, 0.015, 0.051, 0.059
0.257, 0.067, 0.012, 0.053, 0.036
0.448, 0.047, 0.012, 0.059, 0.076
0.557, 0.046, 0.017, 0.096, 0.157
0.593, 0.065, 0.01, 0.026, 0.028
0.699, 0.05, 0.024, 0.1, 0.166
0.907, 0.053, 0.022, 0.143, 0.218
0.89, 0.065, 0.011, 0.029, 0.027
0.899, 0.044, 0.033, 0.142, 0.209
0.332, 0.06, 0.014, 0.047, 0.059
0.285, 0.046, 0.01, 0.027, 0.025
0.309, 0.065, 0.016, 0.041, 0.044
1.021, 0.046, 0.012, 0.163, 0.242
0.994, 0.066, 0.01, 0.028, 0.025
0.991, 0.059, 0.024, 0.145, 0.224
0.511, 0.054, 0.009, 0.067, 0.092
0.309, 0.088, 0.007, 0.027, 0.025
0.825, 0.051, 0.01, 0.122, 0.17
0.362, 0.047, 0.008, 0.045, 0.047
0.254, 0.046, 0.008, 0.026, 0.024
0.374, 0.045, 0.008, 0.044, 0.078
0.551, 0.042, 0.032, 0.083, 0.128
0.466, 0.063, 0.01, 0.027, 0.027
0.987, 0.042, 0.038, 0.16, 0.219
0.376, 0.031, 0.022, 0.05, 0.077
0.238, 0.058, 0.009, 0.025, 0.025
0.699, 0.033, 0.012, 0.095, 0.138
0.374, 0.044, 0.009, 0.044, 0.047
0.248, 0.054, 0.008, 0.025, 0.023
0.33, 0.043, 0.008, 0.044, 0.046
0.377, 0.045, 0.007, 0.05, 0.08
0.247, 0.044, 0.007, 0.024, 0.022
0.685, 0.045, 0.009, 0.103, 0.136
0.572, 0.063, 0.021, 0.092, 0.141
0.379, 0.063, 0.009, 0.032, 0.024
0.486, 0.05, 0.01, 0.072, 0.093
0.249, 0.067, 0.008, 0.028, 0.024
0.209, 0.052, 0.007, 0.027, 0.023
0.428, 0.067, 0.043, 0.063, 0.095
0.52, 0.058, 0.02, 0.086, 0.11
0.412, 0.062, 0.01, 0.039, 0.026
0.579, 0.044, 0.031, 0.098, 0.13
0.322, 0.079, 0.026, 0.062, 0.086
0.24, 0.053, 0.012, 0.043, 0.035
0.352, 0.078, 0.04, 0.056, 0.081
0.315, 0.059, 0.014, 0.046, 0.058
0.225, 0.047, 0.009, 0.026, 0.025
0.327, 0.068, 0.029, 0.047, 0.062
0.234, 0.075, 0.016, 0.038, 0.043
0.229, 0.055, 0.013, 0.036, 0.034
0.36, 0.081, 0.042, 0.078, 0.088
0.256, 0.069, 0.011, 0.03, 0.028
0.24, 0.056, 0.029, 0.03, 0.024
0.323, 0.065, 0.013, 0.054, 0.052
0.216, 0.052, 0.008, 0.029, 0.027
0.215, 0.047, 0.007, 0.027, 0.024
0.338, 0.043, 0.011, 0.045, 0.055
0.222, 0.053, 0.007, 0.026, 0.024
0.215, 0.052, 0.007, 0.028, 0.023
0.33, 0.058, 0.01, 0.046, 0.05
0.435, 0.059, 0.008, 0.03, 0.025
0.22, 0.048, 0.007, 0.029, 0.022
0.395, 0.045, 0.011, 0.057, 0.072
0.387, 0.051, 0.008, 0.054, 0.068
0.212, 0.052, 0.007, 0.026, 0.024
0.355, 0.064, 0.012, 0.042, 0.053
0.319, 0.042, 0.008, 0.044, 0.05
0.237, 0.054, 0.007, 0.028, 0.023
0.475, 0.061, 0.03, 0.069, 0.1
0.421, 0.045, 0.012, 0.061, 0.079
0.211, 0.084, 0.009, 0.036, 0.025
0.43, 0.053, 0.011, 0.057, 0.071
0.231, 0.059, 0.008, 0.025, 0.025
0.235, 0.052, 0.007, 0.026, 0.023
0.3, 0.069, 0.011, 0.038, 0.039
0.249, 0.061, 0.012, 0.03, 0.026