1.71664e+12, 0.113, 0.112, 0.028, 0.083, 0.066
1.71664e+12, 0.095, 0.048, 0.032, 0.064, 0.061
1.71664e+12, 0.097, 0.032, 0.041, 0.065, 0.055
0.222, 0.095, 0.023, 0.031, 0.028, 0.159
0.2, 0.071, 0.021, 0.032, 0.038, 0.065
0.19, 0.056, 0.02, 0.027, 0.023, 0.056
0.192, 0.086, 0.031, 0.036, 0.026, 0.081
0.23, 0.081, 0.037, 0.036, 0.031, 0.074
0.194, 0.078, 0.021, 0.026, 0.022, 0.054
0.183, 0.067, 0.03, 0.029, 0.023, 0.057
0.185, 0.047, 0.049, 0.033, 0.024, 0.064
0.18, 0.045, 0.062, 0.034, 0.023, 0.063
0.173, 0.058, 0.039, 0.042, 0.028, 0.096
0.202, 0.053, 0.048, 0.028, 0.025, 0.061
0.271, 0.197, 0.044, 0.028, 0.024, 0.063
0.177, 0.043, 0.038, 0.029, 0.024, 0.061
2.398, 0.175, 0.276, 0.042, 0.032, 0.141
0.206, 0.068, 0.075, 0.029, 0.028, 0.059
0.198, 0.06, 0.062, 0.025, 0.022, 0.05
0.256, 0.079, 0.081, 0.024, 0.035, 0.053
0.197, 0.078, 0.113, 0.019, 0.025, 0.05
0.178, 0.066, 0.063, 0.041, 0.025, 0.076
0.177, 0.054, 0.063, 0.037, 0.025, 0.05
0.164, 0.111, 0.133, 0.024, 0.023, 0.048
0.161, 0.058, 0.078, 0.019, 0.02, 0.044
0.17, 0.122, 0.14, 0.029, 0.023, 0.05
0.248, 0.064, 0.066, 0.036, 0.023, 0.054
0.325, 0.078, 0.085, 0.02, 0.026, 0.053
0.307, 0.047, 0.048, 0.047, 0.027, 0.06
0.238, 0.053, 0.052, 0.033, 0.029, 0.071
0.179, 0.042, 0.045, 0.019, 0.019, 0.046
0.162, 0.04, 0.05, 0.02, 0.019, 0.039
0.244, 0.094, 0.123, 0.028, 0.025, 0.056
0.231, 0.048, 0.064, 0.024, 0.022, 0.054
0.186, 0.039, 0.041, 0.023, 0.02, 0.04
0.161, 0.037, 0.042, 0.021, 0.02, 0.042
0.147, 0.046, 0.048, 0.014, 0.018, 0.037
0.19, 0.039, 0.046, 0.012, 0.019, 0.037
0.167, 0.046, 0.041, 0.015, 0.019, 0.041
0.18, 0.043, 0.043, 0.016, 0.022, 0.042
0.152, 0.046, 0.046, 0.027, 0.021, 0.053
0.179, 0.038, 0.05, 0.014, 0.018, 0.039
0.212, 0.084, 0.074, 0.042, 0.029, 0.08
0.186, 0.059, 0.06, 0.02, 0.028, 0.047
0.191, 0.053, 0.066, 0.017, 0.021, 0.043
0.192, 0.044, 0.057, 0.012, 0.018, 0.036
0.184, 0.049, 0.05, 0.038, 0.029, 0.069
0.163, 0.045, 0.052, 0.017, 0.019, 0.04
0.165, 0.049, 0.043, 0.017, 0.02, 0.045
0.201, 0.111, 0.121, 0.026, 0.02, 0.07
0.184, 0.081, 0.069, 0.035, 0.028, 0.067
0.246, 0.159, 0.097, 0.067, 0.043, 0.136
0.147, 0.082, 0.075, 0.079, 0.04, 0.124
0.159, 0.052, 0.05, 0.04, 0.025, 0.059
0.15, 0.054, 0.064, 0.027, 0.038, 0.049
0.171, 0.052, 0.049, 0.03, 0.023, 0.054
0.175, 0.38, 0.051, 0.036, 0.028, 0.062
0.172, 0.044, 0.049, 0.021, 0.019, 0.045
0.192, 0.089, 0.085, 0.017, 0.02, 0.041
0.217, 0.076, 0.075, 0.021, 0.023, 0.054
0.171, 0.058, 0.042, 0.017, 0.02, 0.043
0.214, 0.022, 0.026, 0.014, 0.021, 0.04
0.19, 0.023, 0.019, 0.014, 0.018, 0.039
0.197, 0.033, 0.04, 0.029, 0.026, 0.06
0.238, 0.032, 0.032, 0.021, 0.02, 0.045
0.309, 0.037, 0.033, 0.02, 0.022, 0.048
0.193, 0.031, 0.031, 0.023, 0.021, 0.05
0.194, 0.028, 0.032, 0.023, 0.021, 0.048
0.178, 0.024, 0.026, 0.018, 0.02, 0.043
5.229, 0.352, 0.282, 0.042, 0.025, 0.077
0.222, 0.272, 0.067, 0.023, 0.025, 0.052
0.203, 0.064, 0.065, 0.032, 0.027, 0.06
0.233, 0.047, 0.048, 0.033, 0.026, 0.066
0.211, 0.032, 0.045, 0.012, 0.024, 0.043
0.172, 0.034, 0.036, 0.015, 0.021, 0.039
0.208, 0.033, 0.036, 0.016, 0.022, 0.045
0.199, 0.03, 0.035, 0.012, 0.024, 0.044
0.228, 0.056, 0.051, 0.035, 0.025, 0.059
0.182, 0.029, 0.036, 0.012, 0.018, 0.037
0.189, 0.045, 0.033, 0.01, 0.018, 0.033
0.154, 0.032, 0.031, 0.011, 0.018, 0.035
0.175, 0.029, 0.033, 0.011, 0.02, 0.035
0.174, 0.034, 0.036, 0.011, 0.018, 0.038
0.176, 0.027, 0.035, 0.013, 0.031, 0.037
0.169, 0.198, 0.038, 0.015, 0.019, 0.04
0.498, 0.038, 0.041, 0.028, 0.023, 0.053
0.184, 0.037, 0.037, 0.021, 0.022, 0.046
0.14, 0.035, 0.035, 0.019, 0.022, 0.045
0.152, 0.032, 0.029, 0.017, 0.02, 0.045
0.139, 0.046, 0.033, 0.018, 0.02, 0.043
0.15, 0.049, 0.035, 0.018, 0.022, 0.058
0.164, 0.037, 0.033, 0.023, 0.021, 0.043
0.136, 0.031, 0.029, 0.013, 0.018, 0.035
0.145, 0.027, 0.035, 0.013, 0.018, 0.037
0.161, 0.038, 0.038, 0.021, 0.021, 0.045
0.146, 0.034, 0.032, 0.011, 0.017, 0.035
0.148, 0.038, 0.034, 0.016, 0.019, 0.043
0.306, 0.029, 0.03, 0.011, 0.017, 0.035
0.144, 0.03, 0.031, 0.01, 0.02, 0.036
0.267, 0.082, 0.108, 0.017, 0.022, 0.044
0.176, 0.091, 0.112, 0.011, 0.019, 0.033
0.158, 0.076, 0.088, 0.013, 0.019, 0.038
0.149, 0.039, 0.046, 0.014, 0.02, 0.04
0.141, 0.038, 0.058, 0.012, 0.02, 0.032
0.179, 0.044, 0.048, 0.014, 0.021, 0.042
0.146, 0.035, 0.046, 0.016, 0.021, 0.041
0.169, 0.052, 0.043, 0.014, 0.023, 0.045
0.17, 0.029, 0.042, 0.015, 0.021, 0.042
0.148, 0.036, 0.041, 0.023, 0.024, 0.051
0.172, 0.036, 0.046, 0.021, 0.029, 0.055
0.158, 0.041, 0.037, 0.025, 0.02, 0.044
0.138, 0.036, 0.029, 0.015, 0.025, 0.036
0.179, 0.06, 0.043, 0.048, 0.027, 0.064
0.181, 0.064, 0.077, 0.033, 0.025, 0.058
0.157, 0.05, 0.061, 0.018, 0.022, 0.043
0.167, 0.079, 0.091, 0.018, 0.02, 0.044
0.17, 0.065, 0.08, 0.019, 0.021, 0.044
0.167, 0.094, 0.051, 0.064, 0.04, 0.114
0.171, 0.045, 0.041, 0.032, 0.03, 0.078
0.151, 0.071, 0.05, 0.032, 0.027, 0.063
0.19, 0.06, 0.056, 0.041, 0.032, 0.083
0.191, 0.052, 0.035, 0.029, 0.024, 0.067
0.192, 0.052, 0.042, 0.86, 0.031, 0.066
0.169, 0.064, 0.069, 0.031, 0.027, 0.067
0.295, 0.064, 0.068, 0.017, 0.021, 0.047
0.305, 0.059, 0.062, 0.02, 0.024, 0.049
0.268, 0.519, 0.077, 0.037, 0.028, 0.08
0.328, 0.066, 0.065, 0.045, 0.031, 0.088
0.26, 0.059, 0.057, 0.035, 0.026, 0.07
0.261, 0.063, 0.062, 0.041, 0.035, 0.087
0.267, 0.072, 0.063, 0.033, 0.028, 0.063
0.326, 0.115, 0.075, 0.057, 0.042, 0.128
0.252, 0.041, 0.033, 0.043, 0.027, 0.064
0.271, 0.054, 0.052, 0.046, 0.029, 0.074
0.277, 0.042, 0.052, 0.017, 0.019, 0.041
0.281, 0.044, 0.05, 0.013, 0.023, 0.042
0.272, 0.064, 0.053, 0.015, 0.019, 0.039
0.275, 0.044, 0.04, 0.038, 0.026, 0.063
0.224, 0.046, 0.033, 0.019, 0.02, 0.044
0.186, 0.06, 0.078, 0.038, 0.026, 0.064
0.187, 0.082, 0.089, 0.037, 0.028, 0.064
0.156, 0.049, 0.048, 0.036, 0.023, 0.055
0.185, 0.072, 0.106, 0.026, 0.034, 0.061
0.153, 0.071, 0.061, 0.047, 0.032, 0.086
0.152, 0.069, 0.06, 0.039, 0.028, 0.08
0.198, 0.063, 0.062, 0.037, 0.027, 0.075
0.157, 0.053, 0.054, 0.034, 0.029, 0.072
0.138, 0.056, 0.056, 0.039, 0.027, 0.078
0.173, 0.065, 0.107, 0.067, 0.047, 0.125
0.146, 0.032, 0.03, 0.022, 0.021, 0.049
0.159, 0.029, 0.034, 0.013, 0.018, 0.042
0.17, 0.058, 0.068, 0.016, 0.02, 0.042
0.146, 0.052, 0.055, 0.018, 0.02, 0.047
0.149, 0.05, 0.06, 0.014, 0.019, 0.039
0.178, 0.054, 0.07, 0.017, 0.022, 0.046
0.197, 0.103, 0.114, 0.02, 0.022, 0.048
0.205, 0.057, 0.058, 0.021, 0.023, 0.054
0.151, 0.058, 0.058, 0.026, 0.025, 0.057
0.172, 0.05, 0.056, 0.022, 0.024, 0.056
0.196, 0.075, 0.09, 0.022, 0.021, 0.054
0.282, 0.054, 0.06, 0.017, 0.02, 0.045
0.196, 0.056, 0.06, 0.024, 0.022, 0.058
0.176, 0.056, 0.059, 0.024, 0.027, 0.057
0.196, 0.072, 0.059, 0.027, 0.029, 0.069
0.196, 0.057, 0.058, 0.019, 0.024, 0.054
0.2, 0.052, 0.058, 0.016, 0.023, 0.05
0.282, 0.043, 0.066, 0.039, 0.023, 0.057
0.159, 0.057, 0.048, 0.014, 0.019, 0.036
0.171, 0.086, 0.099, 0.056, 0.034, 0.097
0.212, 0.061, 0.065, 0.042, 0.026, 0.062
0.199, 0.058, 0.056, 0.039, 0.024, 0.058
0.172, 0.049, 0.054, 0.034, 0.024, 0.059
0.178, 0.05, 0.052, 0.03, 0.023, 0.054
0.149, 0.054, 0.055, 0.038, 0.025, 0.061
0.318, 0.053, 0.054, 0.029, 0.048, 0.101
0.292, 0.255, 0.064, 0.054, 0.049, 0.069
0.256, 0.059, 0.053, 0.028, 0.022, 0.053
0.298, 0.047, 0.05, 0.029, 0.022, 0.051
0.21, 0.044, 0.05, 0.02, 0.019, 0.042
0.16, 0.046, 0.057, 0.023, 0.02, 0.046
0.188, 0.059, 0.051, 0.021, 0.02, 0.042
0.191, 0.047, 0.052, 0.024, 0.023, 0.056
0.17, 0.069, 0.057, 0.028, 0.023, 0.053
0.169, 0.077, 0.115, 0.041, 0.026, 0.067
0.16, 0.066, 0.07, 0.036, 0.025, 0.064
0.156, 0.053, 0.064, 0.023, 0.023, 0.051
0.177, 0.076, 0.064, 0.051, 0.04, 0.131
0.176, 0.067, 0.061, 0.032, 0.028, 0.091
0.174, 0.051, 0.059, 0.025, 0.034, 0.071
0.157, 0.054, 0.069, 0.026, 0.025, 0.057
0.177, 0.074, 0.098, 0.022, 0.023, 0.059
0.182, 0.06, 0.059, 0.022, 0.025, 0.058
0.197, 0.052, 0.046, 0.043, 0.026, 0.066
0.16, 0.052, 0.045, 0.04, 0.025, 0.063
0.188, 0.055, 0.046, 0.019, 0.023, 0.048
0.29, 0.114, 0.109, 0.021, 0.023, 0.047
0.235, 0.064, 0.126, 0.026, 0.025, 0.052
0.189, 0.08, 0.07, 0.049, 0.033, 0.087
0.274, 0.108, 0.079, 0.048, 0.034, 0.086
0.211, 0.093, 0.069, 0.046, 0.033, 0.085
0.306, 0.124, 0.114, 0.05, 0.037, 0.086
0.251, 0.133, 0.125, 0.048, 0.031, 0.102
0.267, 0.092, 0.076, 0.048, 0.035, 0.09
0.237, 0.112, 0.107, 0.043, 0.033, 0.088
0.208, 0.077, 0.064, 0.03, 0.031, 0.082
0.173, 0.075, 0.06, 0.039, 0.042, 0.102
0.194, 0.059, 0.055, 0.058, 0.027, 0.07
0.275, 0.055, 0.096, 0.029, 0.024, 0.057
0.166, 0.041, 0.09, 0.018, 0.022, 0.042
0.168, 0.078, 0.089, 0.043, 0.029, 0.07
0.154, 0.066, 0.127, 0.018, 0.026, 0.049
0.164, 0.048, 0.061, 0.037, 0.027, 0.062
0.175, 0.036, 0.032, 0.017, 0.019, 0.04
0.167, 0.028, 0.03, 0.019, 0.019, 0.042
0.161, 0.036, 0.032, 0.016, 0.019, 0.044
0.164, 0.027, 0.029, 0.013, 0.02, 0.041
0.143, 0.025, 0.029, 0.013, 0.018, 0.035
0.167, 0.031, 0.05, 0.024, 0.022, 0.049
0.216, 0.037, 0.035, 0.021, 0.022, 0.048
0.156, 0.053, 0.041, 0.029, 0.022, 0.051
0.162, 0.037, 0.035, 0.018, 0.021, 0.045
0.167, 0.031, 0.031, 0.017, 0.022, 0.042
0.47, 0.06, 0.047, 0.035, 0.024, 0.058
0.198, 0.034, 0.033, 0.017, 0.022, 0.045
0.22, 0.052, 0.066, 0.051, 0.025, 0.074
0.256, 0.055, 0.089, 0.036, 0.04, 0.073
0.167, 0.05, 0.04, 0.026, 0.02, 0.047
0.169, 0.038, 0.06, 0.017, 0.019, 0.041
0.258, 0.091, 0.104, 0.025, 0.027, 0.066
0.215, 0.045, 0.073, 0.014, 0.021, 0.043
0.176, 0.049, 0.045, 0.04, 0.026, 0.066
0.155, 0.037, 0.033, 0.027, 0.021, 0.048
0.144, 0.043, 0.027, 0.016, 0.02, 0.041
0.166, 0.036, 0.039, 0.02, 0.02, 0.047
0.167, 0.046, 0.05, 0.014, 0.021, 0.043
0.214, 0.053, 0.038, 0.025, 0.023, 0.05
0.203, 0.049, 0.031, 0.016, 0.021, 0.043
0.165, 0.043, 0.031, 0.012, 0.018, 0.035
0.17, 0.045, 0.067, 0.034, 0.03, 0.07
0.269, 0.034, 0.036, 0.042, 0.021, 0.047
0.198, 0.043, 0.032, 0.013, 0.018, 0.035
0.165, 0.054, 0.039, 0.024, 0.023, 0.051
0.202, 0.11, 0.116, 0.022, 0.022, 0.05
0.203, 0.081, 0.09, 0.027, 0.025, 0.056
0.18, 0.076, 0.069, 0.021, 0.022, 0.047
0.296, 0.093, 0.108, 0.02, 0.023, 0.043
0.2, 0.121, 0.109, 0.035, 0.025, 0.062
0.199, 0.054, 0.061, 0.032, 0.027, 0.056
0.204, 0.054, 0.059, 0.028, 0.025, 0.067
0.193, 0.052, 0.057, 0.034, 0.021, 0.064
0.199, 0.064, 0.056, 0.023, 0.022, 0.047
0.215, 0.049, 0.097, 0.019, 0.019, 0.04
0.223, 0.063, 0.056, 0.025, 0.021, 0.046
0.238, 0.049, 0.056, 0.032, 0.024, 0.058
0.274, 0.081, 0.086, 0.028, 0.021, 0.05
0.265, 0.097, 0.115, 0.018, 0.019, 0.04
0.218, 0.053, 0.061, 0.017, 0.019, 0.058
0.25, 0.051, 0.039, 0.031, 0.025, 0.059
0.228, 0.03, 0.033, 0.019, 0.018, 0.039
0.235, 0.039, 0.04, 0.033, 0.022, 0.049
0.21, 0.05, 0.038, 0.018, 0.022, 0.049
0.163, 0.038, 0.036, 0.018, 0.021, 0.043
0.171, 0.06, 0.039, 0.029, 0.022, 0.052
0.217, 0.04, 0.034, 0.028, 0.023, 0.052
0.236, 0.046, 0.048, 0.038, 0.026, 0.059
0.212, 0.08, 0.078, 0.043, 0.026, 0.075
0.181, 0.048, 0.046, 0.038, 0.032, 0.068
0.245, 0.108, 0.107, 0.039, 0.027, 0.066
0.204, 0.058, 0.057, 0.039, 0.025, 0.067
0.2, 0.072, 0.065, 0.038, 0.028, 0.071
0.195, 0.063, 0.057, 0.029, 0.023, 0.056
0.199, 0.946, 0.071, 0.041, 0.034, 0.095
0.219, 0.069, 0.068, 0.058, 0.033, 0.063
0.206, 0.054, 0.053, 0.056, 0.028, 0.063
0.213, 0.051, 0.054, 0.05, 0.043, 0.063
0.181, 0.05, 0.052, 0.029, 0.04, 0.061
0.146, 0.044, 0.051, 0.028, 0.022, 0.071
0.157, 0.044, 0.051, 0.024, 0.021, 0.07
0.144, 0.06, 0.037, 0.019, 0.019, 0.044
0.162, 0.059, 0.041, 0.039, 0.023, 0.073
0.151, 0.063, 0.019, 0.023, 0.027, 0.052
0.213, 0.105, 0.055, 0.053, 0.042, 0.108
0.188, 0.066, 0.025, 0.042, 0.027, 0.069
0.192, 0.06, 0.036, 0.026, 0.021, 0.064
0.193, 0.064, 0.038, 0.027, 0.021, 0.068
0.206, 0.063, 0.039, 0.045, 0.021, 0.052
0.172, 0.066, 0.045, 0.047, 0.022, 0.07
0.142, 0.075, 0.047, 0.022, 0.021, 0.058
0.196, 0.06, 0.038, 0.029, 0.038, 0.052
0.188, 0.077, 0.055, 0.032, 0.023, 0.053
0.248, 0.135, 0.05, 0.031, 0.023, 0.054
0.229, 0.097, 0.044, 0.03, 0.022, 0.052
0.233, 0.089, 0.034, 0.028, 0.024, 0.055
0.214, 0.126, 0.054, 0.029, 0.023, 0.052
0.238, 0.115, 0.05, 0.03, 0.022, 0.054
0.228, 0.064, 0.014, 0.034, 0.025, 0.057
0.166, 0.06, 0.043, 0.028, 0.021, 0.051
0.183, 0.067, 0.019, 0.026, 0.02, 0.049
0.339, 0.156, 0.066, 0.016, 0.02, 0.04
0.217, 0.117, 0.032, 0.032, 0.024, 0.052
0.227, 0.085, 0.051, 0.035, 0.034, 0.058
0.191, 0.089, 0.025, 0.041, 0.024, 0.074
0.183, 0.055, 0.023, 0.041, 0.024, 0.058
0.184, 0.053, 0.022, 0.03, 0.025, 0.051
0.194, 0.05, 0.013, 0.033, 0.03, 0.056
0.181, 0.121, 0.05, 0.019, 0.026, 0.049
0.145, 0.057, 0.034, 0.022, 0.023, 0.05
0.149, 0.053, 0.033, 0.018, 0.022, 0.044
0.238, 0.065, 0.034, 0.019, 0.027, 0.05
0.139, 0.048, 0.025, 0.028, 0.024, 0.05
0.147, 0.049, 0.03, 0.023, 0.023, 0.046
0.163, 0.064, 0.037, 0.022, 0.026, 0.049
0.237, 0.058, 0.034, 0.019, 0.025, 0.051
0.177, 0.049, 0.03, 0.018, 0.025, 0.049
0.164, 0.05, 0.024, 0.014, 0.022, 0.04
0.202, 0.079, 0.045, 0.016, 0.022, 0.044
0.181, 0.047, 0.035, 0.013, 0.022, 0.041
0.174, 0.107, 0.066, 0.024, 0.023, 0.049
0.149, 0.062, 0.045, 0.017, 0.02, 0.04
0.262, 0.074, 0.048, 0.018, 0.019, 0.058
0.247, 0.105, 0.013, 0.065, 0.047, 0.13
0.244, 0.152, 0.075, 0.023, 0.021, 0.05
0.237, 0.126, 0.065, 0.027, 0.03, 0.067
0.274, 0.066, 0.043, 0.024, 0.023, 0.055
0.258, 0.063, 0.032, 0.061, 0.044, 0.148
0.27, 0.104, 0.048, 0.02, 0.027, 0.058
0.205, 0.079, 0.027, 0.055, 0.037, 0.093
0.154, 0.079, 0.045, 0.021, 0.021, 0.043
0.138, 0.059, 0.044, 0.015, 0.019, 0.037
0.142, 0.062, 0.039, 0.016, 0.018, 0.037
0.506, 0.071, 0.045, 0.013, 0.019, 0.043
0.149, 0.068, 0.046, 0.01, 0.018, 0.035
0.189, 0.068, 0.044, 0.011, 0.02, 0.037
0.192, 0.069, 0.045, 0.014, 0.022, 0.04
0.35, 0.06, 0.043, 0.012, 0.02, 0.036
0.138, 0.18, 0.041, 0.069, 0.045, 0.142
0.147, 0.039, 0.013, 0.01, 0.018, 0.039
0.319, 0.042, 0.019, 0.011, 0.019, 0.035
0.32, 0.039, 0.02, 0.011, 0.031, 0.042
0.27, 0.044, 0.02, 0.011, 0.017, 0.034
0.31, 0.107, 0.049, 0.024, 0.025, 0.065
0.29, 0.078, 0.017, 0.044, 0.024, 0.071
0.296, 0.068, 0.039, 0.015, 0.021, 0.039
0.348, 0.112, 0.04, 0.045, 0.023, 0.08
0.436, 0.052, 0.029, 0.017, 0.02, 0.043
0.644, 0.048, 0.016, 0.016, 0.018, 0.054
0.324, 0.047, 0.019, 0.014, 0.02, 0.041
0.346, 5.484, 1.731, 0.043, 0.031, 0.096
0.327, 1.15, 0.032, 0.04, 0.027, 0.068
0.224, 0.074, 0.027, 0.032, 0.022, 0.059
0.181, 0.136, 0.026, 0.034, 0.028, 0.065
0.148, 0.06, 0.018, 0.025, 0.021, 0.051
0.412, 0.067, 0.017, 0.016, 0.019, 0.039
0.221, 0.073, 0.018, 0.023, 0.02, 0.048
0.12, 0.066, 0.028, 0.021, 0.019, 0.046
0.227, 0.05, 0.016, 0.018, 0.022, 0.049
0.16, 0.066, 0.037, 0.023, 0.023, 0.051
0.17, 0.129, 0.053, 0.02, 0.019, 0.045
0.15, 0.074, 0.02, 0.02, 0.021, 0.043
0.183, 0.054, 0.008, 0.046, 0.031, 0.084
0.171, 0.053, 0.025, 0.013, 0.02, 0.039
0.221, 0.088, 0.03, 0.051, 0.032, 0.089
0.183, 0.043, 0.022, 0.016, 0.018, 0.039
0.161, 0.044, 0.008, 0.011, 0.02, 0.04
0.198, 0.371, 0.04, 0.025, 0.023, 0.053
0.175, 0.075, 0.02, 0.032, 0.028, 0.074
0.153, 0.072, 0.031, 0.04, 0.027, 0.077
0.162, 0.065, 0.04, 0.023, 0.023, 0.056
0.2, 0.076, 0.018, 0.02, 0.023, 0.065
0.192, 0.063, 0.038, 0.041, 0.023, 0.053
0.178, 0.068, 0.023, 0.033, 0.025, 0.06
0.191, 0.137, 0.061, 0.015, 0.018, 0.038
0.156, 0.076, 0.046, 0.013, 0.019, 0.035
0.218, 0.155, 0.065, 0.013, 0.02, 0.04
0.167, 0.078, 0.047, 0.018, 0.021, 0.045
0.178, 0.082, 0.05, 0.018, 0.021, 0.047
0.169, 0.078, 0.048, 0.015, 0.02, 0.041
0.142, 0.065, 0.045, 0.015, 0.018, 0.039
0.161, 0.081, 0.048, 0.015, 0.022, 0.048
0.153, 0.079, 0.047, 0.013, 0.02, 0.037
0.221, 0.084, 0.044, 0.017, 0.022, 0.045
0.149, 0.065, 0.114, 0.015, 0.025, 0.037
0.176, 0.064, 0.038, 0.016, 0.021, 0.046
0.149, 0.049, 0.035, 0.012, 0.018, 0.034
0.154, 0.051, 0.032, 0.01, 0.018, 0.033
0.164, 0.06, 0.018, 0.013, 0.018, 0.036
0.187, 0.053, 0.035, 0.013, 0.023, 0.045
0.187, 0.134, 0.057, 0.011, 0.017, 0.034
0.188, 0.119, 0.053, 0.011, 0.02, 0.039
0.187, 0.061, 0.034, 0.011, 0.02, 0.041
0.206, 0.129, 0.055, 0.039, 0.025, 0.066
0.19, 0.053, 0.016, 0.011, 0.021, 0.041
0.179, 0.046, 0.051, 0.022, 0.02, 0.047
0.189, 0.058, 0.064, 0.023, 0.021, 0.048
0.183, 0.078, 0.046, 0.016, 0.022, 0.045
0.248, 0.07, 0.018, 0.012, 0.021, 0.039
0.224, 0.065, 0.038, 0.014, 0.024, 0.048
0.151, 0.047, 0.066, 0.011, 0.018, 0.031
0.157, 0.038, 0.049, 0.01, 0.017, 0.032
0.158, 0.043, 0.062, 0.038, 0.024, 0.058
0.2, 0.059, 0.062, 0.013, 0.019, 0.043
0.185, 0.035, 0.034, 0.014, 0.018, 0.04
0.236, 0.113, 0.049, 0.022, 0.026, 0.053
0.159, 0.048, 0.052, 0.018, 0.021, 0.043
0.188, 0.037, 0.051, 0.015, 0.019, 0.041
0.148, 0.041, 0.047, 0.014, 0.019, 0.037
0.161, 0.065, 0.07, 0.014, 0.02, 0.039
0.162, 0.036, 0.051, 0.011, 0.018, 0.039
0.162, 0.035, 0.046, 0.013, 0.019, 0.038
0.133, 0.034, 0.047, 0.011, 0.019, 0.036
0.145, 0.036, 0.043, 0.012, 0.018, 0.035
0.169, 0.099, 0.044, 0.011, 0.022, 0.042
0.174, 0.052, 0.057, 0.062, 0.026, 0.063
0.141, 0.029, 0.028, 0.014, 0.018, 0.037
0.161, 0.037, 0.033, 0.036, 0.024, 0.051
0.17, 0.035, 0.028, 0.038, 0.024, 0.056
0.181, 0.034, 0.033, 0.039, 0.029, 0.071
0.176, 0.071, 0.031, 0.035, 0.039, 0.071
0.162, 0.036, 0.055, 0.032, 0.024, 0.062
0.188, 0.067, 0.034, 0.028, 0.027, 0.061
0.169, 0.037, 0.051, 0.034, 0.024, 0.057
0.171, 0.052, 0.015, 0.02, 0.029, 0.048
0.203, 0.039, 0.031, 0.023, 0.02, 0.044
0.212, 0.063, 0.015, 0.015, 0.024, 0.048
0.165, 0.026, 0.059, 0.015, 0.018, 0.039
0.183, 0.063, 0.015, 0.017, 0.021, 0.045
0.175, 0.028, 0.029, 0.025, 0.021, 0.047
0.16, 0.049, 0.037, 0.022, 0.02, 0.044
0.168, 0.038, 0.024, 0.015, 0.02, 0.043
0.144, 0.026, 0.027, 0.013, 0.018, 0.034
0.152, 0.035, 0.011, 0.014, 0.021, 0.043
0.167, 0.066, 0.022, 0.038, 0.026, 0.059
0.186, 0.046, 0.022, 0.037, 0.026, 0.064
0.156, 0.034, 0.033, 0.034, 0.023, 0.06
0.188, 0.028, 0.032, 0.031, 0.022, 0.053
0.142, 0.028, 0.031, 0.015, 0.018, 0.04
0.136, 0.03, 0.032, 0.02, 0.021, 0.05
0.161, 0.06, 0.075, 0.023, 0.022, 0.05
0.204, 0.053, 0.031, 0.021, 0.024, 0.05
0.172, 0.04, 0.045, 0.028, 0.022, 0.056
0.17, 0.058, 0.052, 0.043, 0.025, 0.078
0.139, 0.033, 0.037, 0.021, 0.02, 0.046
0.206, 0.051, 0.039, 0.027, 0.025, 0.054
0.203, 0.07, 0.027, 0.028, 0.028, 0.061
0.184, 0.052, 0.019, 0.029, 0.027, 0.06
0.143, 0.034, 0.038, 0.026, 0.022, 0.053
0.154, 0.051, 0.04, 0.027, 0.023, 0.053
0.16, 0.039, 0.05, 0.031, 0.024, 0.057
0.203, 0.036, 0.034, 0.042, 0.029, 0.065
0.214, 0.047, 0.019, 0.022, 0.025, 0.07
0.211, 0.062, 0.081, 0.024, 0.024, 0.05
0.15, 0.036, 0.044, 0.02, 0.022, 0.048
0.165, 0.056, 0.074, 0.024, 0.024, 0.049
0.201, 0.045, 0.05, 0.02, 0.022, 0.049
0.189, 0.043, 0.047, 0.031, 0.022, 0.052
0.163, 0.038, 0.045, 0.024, 0.021, 0.049
0.144, 0.043, 0.057, 0.02, 0.02, 0.044
0.139, 0.033, 0.042, 0.016, 0.019, 0.042
0.179, 0.033, 0.04, 0.026, 0.019, 0.047
0.184, 0.041, 0.044, 0.038, 0.022, 0.055
0.221, 0.066, 0.017, 0.024, 0.024, 0.053
0.147, 0.062, 0.068, 0.028, 0.022, 0.052
0.151, 0.072, 0.046, 0.036, 0.024, 0.063
0.194, 0.069, 0.028, 0.029, 0.024, 0.059
0.193, 0.099, 0.013, 0.028, 0.023, 0.057
0.16, 0.045, 0.046, 0.027, 0.02, 0.051
0.183, 0.043, 0.044, 0.027, 0.022, 0.054
0.162, 0.041, 0.045, 0.018, 0.018, 0.041
0.174, 0.059, 0.046, 0.027, 0.02, 0.046
0.171, 0.038, 0.045, 0.016, 0.019, 0.044
0.161, 0.06, 0.045, 0.036, 0.023, 0.061
0.17, 0.038, 0.045, 0.022, 0.021, 0.045
0.158, 0.046, 0.05, 0.027, 0.02, 0.052
0.601, 0.077, 0.028, 0.031, 0.035, 0.058
0.264, 0.057, 0.052, 0.031, 0.022, 0.055
0.193, 0.062, 0.051, 0.024, 0.022, 0.052
0.162, 0.05, 0.05, 0.037, 0.023, 0.061
0.195, 0.083, 0.058, 0.047, 0.029, 0.104
0.167, 0.054, 0.045, 0.039, 0.024, 0.068
0.183, 0.06, 0.028, 0.028, 0.023, 0.07
0.176, 0.043, 0.044, 0.024, 0.02, 0.06
0.17, 0.05, 0.046, 0.035, 0.021, 0.07
0.175, 0.058, 0.056, 0.04, 0.024, 0.068
0.155, 0.047, 0.049, 0.035, 0.02, 0.069
0.159, 0.038, 0.051, 0.042, 0.022, 0.053
0.162, 0.048, 0.046, 0.044, 0.022, 0.088
0.21, 0.059, 0.046, 0.024, 0.024, 0.052
0.189, 0.116, 0.043, 0.022, 0.022, 0.046
0.201, 0.07, 0.079, 0.024, 0.02, 0.045
0.178, 0.231, 0.055, 0.025, 0.022, 0.049
0.214, 0.064, 0.054, 0.037, 0.024, 0.062
0.204, 0.045, 0.044, 0.025, 0.021, 0.05
0.162, 0.041, 0.045, 0.025, 0.02, 0.05
0.197, 0.057, 0.074, 0.063, 0.029, 0.066
0.158, 0.056, 0.046, 0.021, 0.02, 0.057
0.17, 0.057, 0.046, 0.025, 0.02, 0.049
0.17, 0.061, 0.051, 0.025, 0.021, 0.048
0.172, 0.043, 0.047, 0.024, 0.02, 0.049
0.177, 0.076, 0.093, 0.029, 0.023, 0.068
0.143, 0.047, 0.049, 0.025, 0.019, 0.048
0.193, 0.075, 0.032, 0.03, 0.025, 0.06
0.166, 0.048, 0.049, 0.038, 0.023, 0.059
0.181, 0.056, 0.019, 0.021, 0.022, 0.051
0.18, 0.054, 0.038, 0.023, 0.023, 0.053
0.237, 0.075, 0.087, 0.034, 0.023, 0.058
0.204, 0.066, 0.1, 0.029, 0.021, 0.051
0.183, 0.081, 0.088, 0.03, 0.022, 0.055
0.26, 0.062, 0.054, 0.033, 0.022, 0.056
0.215, 0.058, 0.048, 0.031, 0.021, 0.056
0.183, 0.063, 0.018, 0.02, 0.022, 0.049
0.194, 0.057, 0.051, 0.038, 0.023, 0.059
0.277, 0.068, 0.028, 0.035, 0.027, 0.068
0.168, 0.063, 0.022, 0.024, 0.022, 0.053
0.178, 0.039, 0.041, 0.029, 0.022, 0.052
0.161, 0.065, 0.025, 0.025, 0.023, 0.054
0.162, 0.041, 0.035, 0.035, 0.023, 0.059
0.175, 0.054, 0.04, 0.036, 0.022, 0.063
0.208, 0.042, 0.037, 0.037, 0.025, 0.078
0.191, 0.052, 0.021, 0.047, 0.027, 0.064
0.196, 0.048, 0.026, 0.032, 0.024, 0.063
0.176, 0.083, 0.087, 0.022, 0.02, 0.048
0.148, 0.037, 0.051, 0.019, 0.019, 0.041
0.174, 0.081, 0.021, 0.032, 0.026, 0.061
0.357, 0.09, 0.065, 0.057, 0.029, 0.077
0.161, 0.059, 0.051, 0.052, 0.03, 0.111
0.168, 0.032, 0.038, 0.025, 0.021, 0.051
0.258, 0.032, 0.031, 0.015, 0.02, 0.042
0.194, 0.027, 0.032, 0.017, 0.021, 0.04
0.19, 0.05, 0.025, 0.018, 0.024, 0.049
0.201, 0.03, 0.038, 0.012, 0.02, 0.038
0.187, 0.031, 0.037, 0.013, 0.019, 0.035
0.217, 0.05, 0.013, 0.018, 0.03, 0.066
0.175, 0.038, 0.04, 0.027, 0.022, 0.059
0.211, 0.097, 0.094, 0.038, 0.098, 0.1
0.191, 1.823, 0.059, 0.053, 0.032, 0.075
0.195, 0.044, 0.039, 0.04, 0.024, 0.059
0.171, 0.042, 0.041, 0.041, 0.024, 0.059
0.171, 0.059, 0.047, 0.038, 0.023, 0.077
0.19, 0.061, 0.049, 0.041, 0.041, 0.118
0.188, 0.068, 0.024, 0.037, 0.035, 0.06
0.184, 0.069, 0.052, 0.037, 0.039, 0.064
0.17, 0.043, 0.056, 0.036, 0.024, 0.059
0.167, 0.046, 0.027, 0.041, 0.021, 0.063
0.153, 0.033, 0.037, 0.016, 0.034, 0.038
0.162, 0.046, 0.04, 0.033, 0.02, 0.065
0.211, 0.264, 0.026, 0.032, 0.025, 0.062
0.161, 0.071, 0.012, 0.066, 0.06, 0.11
0.179, 3.608, 3.562, 0.06, 0.049, 0.136
0.177, 2.325, 0.104, 0.064, 0.035, 0.112
0.161, 0.089, 0.072, 0.057, 0.036, 0.114
0.163, 0.066, 0.056, 0.044, 0.024, 0.064
0.196, 0.076, 0.056, 0.026, 0.024, 0.056
0.166, 0.069, 0.063, 0.041, 0.026, 0.074
0.235, 0.047, 0.055, 0.025, 0.024, 0.055
0.189, 0.069, 0.027, 0.021, 0.024, 0.054
0.18, 0.061, 0.044, 0.022, 0.024, 0.05
0.151, 0.068, 0.053, 0.018, 0.019, 0.042
0.149, 0.049, 0.04, 0.019, 0.019, 0.045
0.168, 0.067, 0.016, 0.015, 0.022, 0.06
0.163, 0.046, 0.014, 0.014, 0.021, 0.039
0.181, 0.068, 0.022, 0.038, 0.03, 0.084
0.16, 0.04, 0.045, 0.028, 0.022, 0.06
0.169, 0.081, 0.025, 0.028, 0.028, 0.061
0.179, 0.085, 0.066, 0.041, 0.028, 0.079
0.154, 0.066, 0.065, 0.054, 0.033, 0.089
0.17, 0.064, 0.033, 0.024, 0.024, 0.055
0.172, 0.049, 0.05, 0.015, 0.02, 0.046
0.177, 0.06, 0.035, 0.021, 0.023, 0.051
0.167, 0.053, 0.054, 0.015, 0.023, 0.047
0.183, 0.058, 0.035, 0.016, 0.025, 0.05
0.141, 0.046, 0.046, 0.028, 0.02, 0.037
0.157, 0.052, 0.049, 0.015, 0.021, 0.047
0.209, 0.057, 0.089, 0.014, 0.021, 0.038
0.156, 0.056, 0.051, 0.014, 0.02, 0.039
0.171, 0.078, 0.094, 0.052, 0.029, 0.071
0.148, 0.055, 0.066, 0.024, 0.021, 0.047
0.17, 0.063, 0.048, 0.015, 0.022, 0.067
0.191, 0.156, 0.065, 0.012, 0.02, 0.039
0.162, 0.098, 0.029, 0.013, 0.02, 0.049
0.212, 0.085, 0.05, 0.017, 0.021, 0.043
0.184, 0.092, 0.068, 0.019, 0.023, 0.046
0.176, 0.112, 0.055, 0.021, 0.022, 0.048
0.204, 0.109, 0.058, 0.036, 0.026, 0.061
0.163, 0.053, 0.037, 0.021, 0.02, 0.042
0.174, 0.083, 0.073, 0.023, 0.03, 0.046
0.173, 0.061, 0.05, 0.042, 0.026, 0.065
0.198, 0.056, 0.034, 0.015, 0.02, 0.041
0.208, 0.082, 0.024, 0.032, 0.024, 0.055
0.187, 0.066, 0.029, 0.039, 0.025, 0.061
0.151, 0.051, 0.047, 0.027, 0.021, 0.054
0.186, 0.05, 0.05, 0.037, 0.023, 0.063
0.15, 0.058, 0.047, 0.021, 0.022, 0.05
0.201, 0.12, 0.025, 0.034, 0.026, 0.063
0.17, 0.053, 0.056, 0.031, 0.022, 0.055
0.151, 0.052, 0.05, 0.031, 0.021, 0.048
0.199, 0.096, 0.092, 0.035, 0.023, 0.057
0.175, 0.073, 0.029, 0.013, 0.02, 0.039
0.18, 0.046, 0.045, 0.014, 0.018, 0.036
0.207, 0.058, 0.028, 0.031, 0.024, 0.057
0.181, 0.09, 0.036, 0.058, 0.026, 0.062
0.271, 0.113, 0.05, 0.013, 0.021, 0.049
0.218, 0.043, 0.048, 0.025, 0.02, 0.039
0.157, 0.064, 0.094, 0.016, 0.02, 0.038
0.252, 0.072, 0.088, 0.044, 0.043, 0.078
0.232, 0.139, 0.061, 0.018, 0.023, 0.046
0.198, 0.071, 0.059, 0.022, 0.022, 0.047
0.194, 0.065, 0.058, 0.022, 0.02, 0.044
0.172, 0.061, 0.065, 0.033, 0.024, 0.062
0.222, 0.059, 0.061, 0.033, 0.023, 0.051
0.229, 0.091, 0.028, 0.021, 0.023, 0.044
0.167, 0.067, 0.059, 0.015, 0.019, 0.039
0.188, 0.098, 0.045, 0.016, 0.022, 0.042
0.198, 0.06, 0.038, 0.018, 0.022, 0.046
0.188, 0.078, 0.062, 0.053, 0.04, 0.065
0.193, 0.095, 0.066, 0.058, 0.035, 0.102
0.172, 0.108, 0.059, 0.033, 0.034, 0.07
0.177, 0.086, 0.04, 0.039, 0.029, 0.078
0.212, 0.092, 0.03, 0.042, 0.031, 0.085
0.171, 0.088, 0.04, 0.031, 0.026, 0.062
0.193, 0.052, 0.041, 0.065, 0.042, 0.116
0.187, 0.034, 0.04, 0.017, 0.02, 0.046
0.181, 0.076, 0.085, 0.012, 0.021, 0.037
0.197, 0.071, 0.073, 0.021, 0.022, 0.044
0.175, 0.062, 0.04, 0.013, 0.021, 0.04
0.224, 0.055, 0.061, 0.015, 0.021, 0.039
0.193, 0.044, 0.054, 0.015, 0.019, 0.038
0.233, 0.061, 0.065, 0.013, 0.018, 0.038
0.208, 0.093, 0.03, 0.059, 0.039, 0.128
0.195, 0.035, 0.047, 0.019, 0.019, 0.044
0.281, 0.042, 0.04, 0.014, 0.021, 0.044
0.231, 0.082, 0.033, 0.045, 0.028, 0.072
0.21, 0.055, 0.051, 0.031, 0.022, 0.057
0.253, 0.068, 0.058, 0.031, 0.023, 0.055
0.216, 0.076, 0.064, 0.026, 0.023, 0.053
0.252, 0.084, 0.033, 0.031, 0.025, 0.066
0.275, 0.094, 0.105, 0.05, 0.028, 0.092
0.225, 0.115, 0.121, 0.054, 0.024, 0.068
0.195, 0.076, 0.069, 0.04, 0.022, 0.059
0.241, 0.184, 0.071, 0.039, 0.027, 0.071
0.173, 0.071, 0.062, 0.036, 0.024, 0.062
0.257, 0.065, 0.033, 0.019, 0.022, 0.048
0.156, 0.057, 0.06, 0.016, 0.018, 0.04
0.214, 0.08, 0.066, 0.037, 0.024, 0.06
0.244, 0.13, 0.128, 0.037, 0.025, 0.083
0.249, 0.089, 0.024, 0.025, 0.023, 0.052
0.235, 0.076, 0.032, 0.027, 0.024, 0.056
0.163, 0.029, 0.036, 0.014, 0.018, 0.037
0.175, 0.053, 0.087, 0.029, 0.023, 0.051
0.236, 0.038, 0.038, 0.033, 0.022, 0.055
0.205, 0.045, 0.032, 0.014, 0.018, 0.039
0.152, 0.75, 0.048, 0.015, 0.018, 0.036
0.183, 0.043, 0.019, 0.011, 0.02, 0.038
0.205, 0.064, 0.037, 0.049, 0.021, 0.057
0.305, 0.042, 0.045, 0.024, 0.02, 0.044
0.151, 0.042, 0.035, 0.013, 0.018, 0.037
0.185, 0.044, 0.02, 0.013, 0.022, 0.046
0.18, 0.046, 0.012, 0.012, 0.022, 0.053
0.142, 0.038, 0.036, 0.012, 0.018, 0.035
0.213, 0.035, 0.034, 0.012, 0.022, 0.041
0.179, 0.063, 0.016, 0.027, 0.025, 0.053
0.221, 0.042, 0.045, 0.022, 0.022, 0.049
0.164, 0.035, 0.05, 0.017, 0.021, 0.044
0.146, 0.036, 0.051, 0.017, 0.021, 0.044
0.237, 0.039, 0.056, 0.019, 0.024, 0.064
0.195, 0.056, 0.016, 0.018, 0.023, 0.045
0.178, 1.733, 0.097, 0.048, 0.029, 0.063
0.173, 0.071, 0.072, 0.046, 0.025, 0.056
0.178, 0.059, 0.065, 0.036, 0.024, 0.054
0.184, 0.074, 0.076, 0.03, 0.026, 0.053
0.225, 0.074, 0.032, 0.025, 0.024, 0.055
0.248, 0.035, 0.042, 0.016, 0.018, 0.056
0.142, 0.048, 0.046, 0.014, 0.018, 0.059
0.153, 0.051, 0.049, 0.037, 0.022, 0.079
0.144, 0.054, 0.027, 0.02, 0.02, 0.043
0.156, 0.054, 0.03, 0.024, 0.021, 0.056
0.141, 0.04, 0.041, 0.016, 0.019, 0.037
0.155, 0.034, 0.041, 0.013, 0.019, 0.037
0.145, 0.041, 0.049, 0.015, 0.019, 0.04
0.128, 0.042, 0.048, 0.018, 0.021, 0.038
0.172, 0.068, 0.03, 0.017, 0.021, 0.042
0.217, 0.061, 0.022, 0.013, 0.02, 0.058
0.147, 0.04, 0.049, 0.017, 0.018, 0.039
0.174, 0.043, 0.047, 0.024, 0.02, 0.052
0.153, 0.041, 0.047, 0.02, 0.019, 0.044
0.154, 0.056, 0.049, 0.024, 0.019, 0.047
0.211, 0.056, 0.035, 0.02, 0.023, 0.047
0.335, 0.059, 0.034, 0.022, 0.021, 0.059
0.398, 0.091, 0.093, 0.026, 0.02, 0.048
0.339, 0.047, 0.049, 0.028, 0.02, 0.06
0.305, 0.066, 0.093, 0.032, 0.022, 0.055
0.245, 0.065, 0.049, 0.028, 0.021, 0.053
0.209, 0.048, 0.053, 0.019, 0.02, 0.047
0.23, 0.079, 0.038, 0.036, 0.024, 0.056
0.204, 0.048, 0.062, 0.035, 0.021, 0.053
0.211, 0.072, 0.056, 0.045, 0.027, 0.072
0.353, 0.167, 0.058, 0.041, 0.026, 0.061
0.203, 0.052, 0.06, 0.029, 0.02, 0.051
0.176, 0.054, 0.061, 0.031, 0.023, 0.07
0.168, 0.049, 0.053, 0.019, 0.023, 0.043
0.143, 0.047, 0.055, 0.014, 0.022, 0.041
0.251, 0.086, 0.058, 0.033, 0.026, 0.059
0.189, 0.065, 0.056, 0.027, 0.024, 0.053
0.216, 0.065, 0.207, 0.039, 0.029, 0.068
0.197, 0.037, 0.052, 0.028, 0.024, 0.054
0.174, 0.046, 0.048, 0.024, 0.021, 0.071
0.171, 0.05, 0.033, 0.052, 0.021, 0.065
0.175, 0.895, 0.04, 0.019, 0.019, 0.039
0.203, 0.049, 0.02, 0.014, 0.022, 0.059
0.239, 0.043, 0.013, 0.021, 0.023, 0.049
0.241, 0.041, 0.02, 0.011, 0.02, 0.038
0.284, 0.067, 0.017, 0.033, 0.026, 0.072
0.195, 0.037, 0.033, 0.024, 0.021, 0.047
0.188, 0.03, 0.032, 0.017, 0.02, 0.043
0.211, 0.074, 0.017, 0.023, 0.024, 0.051
0.205, 0.036, 0.015, 0.018, 0.024, 0.043
0.202, 0.047, 0.015, 0.025, 0.024, 0.056
0.219, 0.03, 0.035, 0.029, 0.023, 0.05
0.18, 0.044, 0.038, 0.017, 0.019, 0.038
0.191, 0.049, 0.014, 0.018, 0.023, 0.044
0.175, 0.034, 0.037, 0.015, 0.018, 0.037
0.185, 0.035, 0.038, 0.023, 0.023, 0.048
0.248, 0.058, 0.017, 0.024, 0.029, 0.058
0.204, 0.057, 0.011, 0.02, 0.026, 0.05
0.215, 0.037, 0.038, 0.02, 0.022, 0.046
0.224, 0.07, 0.018, 0.024, 0.027, 0.078
0.188, 0.039, 0.04, 0.025, 0.035, 0.051
0.243, 0.056, 0.039, 0.024, 0.025, 0.051
0.266, 0.064, 0.09, 0.028, 0.022, 0.051
0.294, 0.053, 0.058, 0.028, 0.022, 0.05
0.212, 0.045, 0.058, 0.034, 0.023, 0.057
0.145, 0.027, 0.043, 0.022, 0.019, 0.04
0.159, 0.052, 0.046, 0.032, 0.022, 0.056
0.173, 0.034, 0.037, 0.042, 0.02, 0.065
0.147, 0.034, 0.036, 0.033, 0.021, 0.049
0.226, 0.08, 0.016, 0.032, 0.029, 0.064
0.153, 0.038, 0.036, 0.034, 0.022, 0.059
0.151, 0.034, 0.035, 0.029, 0.02, 0.051
0.152, 0.049, 0.062, 0.031, 0.023, 0.055
0.163, 0.063, 0.044, 0.032, 0.022, 0.059
0.174, 0.061, 0.049, 0.031, 0.022, 0.056
0.166, 0.039, 0.039, 0.024, 0.019, 0.043
0.176, 0.052, 0.016, 0.021, 0.022, 0.044
0.213, 0.045, 0.053, 0.033, 0.024, 0.067
0.206, 0.043, 0.041, 0.022, 0.019, 0.06
0.18, 0.059, 0.014, 0.016, 0.02, 0.049
0.175, 0.049, 0.05, 0.02, 0.02, 0.059
0.148, 0.036, 0.038, 0.016, 0.018, 0.055
0.207, 0.084, 0.016, 0.037, 0.025, 0.057
0.241, 0.122, 0.05, 0.025, 0.025, 0.052
0.303, 0.055, 0.065, 0.016, 0.018, 0.038
0.258, 0.164, 0.071, 0.026, 0.029, 0.059
0.183, 0.072, 0.062, 0.019, 0.023, 0.045
0.154, 0.053, 0.059, 0.012, 0.021, 0.04
0.184, 0.055, 0.059, 0.017, 0.022, 0.045
0.222, 0.109, 0.094, 0.043, 0.029, 0.073
0.217, 0.055, 0.062, 0.022, 0.023, 0.05
0.193, 0.046, 0.047, 0.032, 0.025, 0.063
0.176, 0.032, 0.034, 0.011, 0.021, 0.038
0.188, 0.048, 0.013, 0.01, 0.022, 0.04
0.188, 0.051, 0.015, 0.011, 0.025, 0.043
0.186, 0.054, 0.043, 0.014, 0.021, 0.043
0.201, 0.056, 0.013, 0.015, 0.024, 0.048
0.191, 0.068, 0.026, 0.014, 0.024, 0.045
0.232, 0.036, 0.038, 0.027, 0.021, 0.053
0.165, 0.03, 0.043, 0.014, 0.018, 0.05
0.207, 0.065, 0.013, 0.018, 0.022, 0.049
0.173, 0.037, 0.049, 0.023, 0.021, 0.047
0.185, 0.028, 0.032, 0.02, 0.017, 0.034
0.194, 0.067, 0.081, 0.044, 0.025, 0.067
0.148, 0.052, 0.05, 0.029, 0.022, 0.056
0.151, 0.061, 0.05, 0.041, 0.024, 0.063
0.174, 0.062, 0.051, 0.031, 0.025, 0.06
0.151, 0.05, 0.048, 0.023, 0.019, 0.049
0.134, 0.053, 0.043, 0.021, 0.018, 0.044
0.167, 0.061, 0.053, 0.023, 0.02, 0.05
0.176, 0.064, 0.049, 0.023, 0.021, 0.053
0.179, 0.073, 0.026, 0.035, 0.026, 0.061
0.199, 0.099, 0.092, 0.027, 0.021, 0.052
0.18, 0.058, 0.051, 0.017, 0.02, 0.05
0.155, 0.078, 0.019, 0.026, 0.023, 0.054
0.166, 0.062, 0.053, 0.021, 0.02, 0.049
0.168, 0.064, 0.073, 0.028, 0.021, 0.054
0.197, 0.063, 0.035, 0.033, 0.025, 0.06
0.159, 0.057, 0.052, 0.021, 0.019, 0.047
0.196, 0.116, 0.113, 0.037, 0.023, 0.057
0.148, 0.07, 0.063, 0.031, 0.021, 0.054
0.177, 0.061, 0.041, 0.021, 0.021, 0.048
0.147, 0.05, 0.06, 0.023, 0.021, 0.044
0.173, 0.074, 0.042, 0.014, 0.022, 0.04
0.269, 0.064, 0.056, 0.017, 0.019, 0.041
0.218, 0.064, 0.084, 0.033, 0.023, 0.056
0.166, 0.059, 0.094, 0.04, 0.024, 0.067
0.172, 0.043, 0.054, 0.029, 0.02, 0.056
0.16, 0.037, 0.046, 0.021, 0.02, 0.046
0.165, 0.058, 0.031, 0.022, 0.022, 0.06
0.162, 0.047, 0.055, 0.027, 0.021, 0.052
0.241, 0.093, 0.028, 0.044, 0.029, 0.067
0.203, 0.411, 0.061, 0.045, 0.026, 0.072
0.149, 0.051, 0.042, 0.045, 0.025, 0.055
0.17, 0.042, 0.029, 0.031, 0.021, 0.068
0.164, 0.045, 0.035, 0.028, 0.021, 0.05
0.182, 0.047, 0.019, 0.021, 0.022, 0.049
0.171, 0.061, 0.023, 0.025, 0.023, 0.052
0.169, 0.06, 0.017, 0.029, 0.028, 0.063
0.147, 0.04, 0.045, 0.036, 0.025, 0.057
0.173, 0.079, 0.087, 0.036, 0.022, 0.056
0.157, 0.037, 0.045, 0.03, 0.024, 0.056
0.176, 0.048, 0.021, 0.022, 0.025, 0.052
0.159, 0.046, 0.022, 0.025, 0.025, 0.055
0.144, 0.029, 0.038, 0.026, 0.023, 0.048
0.156, 0.043, 0.022, 0.013, 0.023, 0.046
0.152, 0.061, 0.046, 0.06, 0.027, 0.076
0.198, 0.043, 0.047, 0.035, 0.028, 0.065
0.166, 0.059, 0.016, 0.033, 0.023, 0.065
0.173, 0.119, 0.05, 0.031, 0.026, 0.062
0.144, 0.059, 0.018, 0.018, 0.021, 0.044
0.223, 0.057, 0.067, 0.031, 0.021, 0.053
0.221, 0.051, 0.059, 0.022, 0.022, 0.05
0.184, 0.048, 0.047, 0.025, 0.02, 0.046
0.182, 0.058, 0.052, 0.013, 0.02, 0.042
0.194, 0.046, 0.056, 0.021, 0.021, 0.044
0.168, 0.057, 0.049, 0.02, 0.019, 0.043
0.168, 0.052, 0.051, 0.029, 0.022, 0.062
0.173, 0.041, 0.047, 0.016, 0.019, 0.04
0.19, 0.048, 0.049, 0.024, 0.02, 0.048
0.25, 0.488, 0.111, 0.041, 0.024, 0.057
0.19, 0.145, 0.071, 0.042, 0.027, 0.08
0.217, 0.056, 0.065, 0.038, 0.023, 0.071
0.151, 0.042, 0.067, 0.018, 0.02, 0.046
0.146, 0.033, 0.046, 0.016, 0.022, 0.046
0.132, 0.041, 0.049, 0.017, 0.02, 0.047
0.121, 0.04, 0.046, 0.015, 0.02, 0.043
0.142, 0.042, 0.047, 0.024, 0.02, 0.048
0.151, 0.037, 0.046, 0.02, 0.023, 0.049
0.149, 0.049, 0.034, 0.041, 0.023, 0.066
0.157, 0.03, 0.029, 0.015, 0.021, 0.045
0.144, 0.041, 0.033, 0.017, 0.022, 0.045
0.156, 0.029, 0.055, 0.016, 0.037, 0.063
0.128, 0.035, 0.032, 0.012, 0.022, 0.046
0.158, 0.029, 0.379, 0.024, 0.021, 0.053
0.164, 0.03, 0.037, 0.025, 0.02, 0.066
0.151, 0.042, 0.038, 0.019, 0.02, 0.059
0.137, 0.031, 0.034, 0.017, 0.019, 0.045
0.209, 0.051, 0.037, 0.021, 0.023, 0.05
0.153, 0.063, 0.125, 0.025, 0.021, 0.053
0.188, 0.088, 0.111, 0.021, 0.019, 0.048
0.19, 0.056, 0.065, 0.025, 0.021, 0.043
0.214, 0.109, 0.122, 0.017, 0.021, 0.042
0.221, 0.109, 0.085, 0.037, 0.043, 0.082
0.212, 0.058, 0.068, 0.02, 0.019, 0.067
0.227, 0.052, 0.049, 0.014, 0.022, 0.043
0.256, 0.034, 0.034, 0.011, 0.025, 0.043
0.162, 0.037, 0.036, 0.014, 0.023, 0.044
0.189, 0.05, 0.041, 0.019, 0.025, 0.048
0.175, 0.031, 0.034, 0.013, 0.021, 0.041
0.259, 0.041, 0.043, 0.021, 0.023, 0.047
0.172, 0.03, 0.034, 0.015, 0.021, 0.04
0.15, 0.056, 0.049, 0.019, 0.022, 0.046
0.159, 0.047, 0.04, 0.029, 0.028, 0.065
0.155, 0.046, 0.04, 0.042, 0.028, 0.068
0.18, 0.045, 0.036, 0.03, 0.023, 0.06
0.165, 0.039, 0.034, 0.022, 0.019, 0.04
0.16, 0.053, 0.037, 0.026, 0.021, 0.05
0.172, 0.052, 0.066, 0.029, 0.023, 0.058
0.167, 0.059, 0.039, 0.057, 0.022, 0.049
0.166, 0.047, 0.04, 0.023, 0.023, 0.045
0.204, 0.052, 0.047, 0.017, 0.022, 0.072
0.202, 0.045, 0.046, 0.035, 0.023, 0.066
0.167, 0.057, 0.042, 0.028, 0.022, 0.072
0.158, 0.038, 0.083, 0.028, 0.023, 0.062
0.167, 0.062, 0.042, 0.022, 0.019, 0.046
0.619, 0.048, 0.038, 0.023, 0.019, 0.045
0.185, 0.038, 0.031, 0.018, 0.019, 0.041
0.205, 0.042, 0.059, 0.027, 0.024, 0.053
0.187, 0.08, 0.064, 0.031, 0.023, 0.057
0.169, 0.042, 0.033, 0.024, 0.022, 0.053
0.157, 0.046, 0.033, 0.023, 0.019, 0.048
0.16, 0.033, 0.031, 0.022, 0.021, 0.049
0.228, 0.043, 0.03, 0.022, 0.022, 0.047
0.17, 0.051, 0.04, 0.032, 0.022, 0.057
0.191, 0.095, 0.092, 0.016, 0.02, 0.042
0.201, 0.04, 0.047, 0.017, 0.022, 0.041
0.253, 0.039, 0.044, 0.016, 0.025, 0.047
0.178, 0.093, 0.111, 0.014, 0.039, 0.04
0.148, 0.049, 0.055, 0.016, 0.022, 0.042
0.156, 0.049, 0.055, 0.018, 0.023, 0.047
0.153, 0.052, 0.056, 0.023, 0.023, 0.049
0.18, 0.051, 0.057, 0.015, 0.025, 0.044
0.201, 0.047, 0.053, 0.03, 0.022, 0.044
0.199, 0.043, 0.052, 0.014, 0.021, 0.042
0.193, 0.035, 0.035, 0.018, 0.021, 0.047
0.198, 0.033, 0.035, 0.016, 0.023, 0.049
0.229, 0.045, 0.073, 0.046, 0.032, 0.075
0.159, 0.026, 0.064, 0.016, 0.022, 0.04
0.226, 0.062, 0.052, 0.046, 0.028, 0.064
0.17, 0.036, 0.039, 0.042, 0.027, 0.066
0.129, 0.038, 0.042, 0.038, 0.023, 0.061
0.157, 0.037, 0.038, 0.037, 0.025, 0.062
0.196, 0.034, 0.04, 0.025, 0.024, 0.079
0.177, 0.039, 0.041, 0.037, 0.022, 0.057
0.148, 0.043, 0.052, 0.035, 0.022, 0.06
0.165, 0.042, 0.044, 0.037, 0.022, 0.057
0.177, 0.048, 0.043, 0.032, 0.023, 0.064
0.183, 0.038, 0.039, 0.032, 0.026, 0.062
0.178, 0.068, 0.092, 0.042, 0.023, 0.062
0.189, 0.05, 0.055, 0.04, 0.027, 0.069
0.151, 0.046, 0.045, 0.038, 0.024, 0.061
0.225, 0.093, 0.11, 0.026, 0.02, 0.049
0.182, 0.11, 0.124, 0.03, 0.023, 0.057
0.175, 0.046, 0.075, 0.035, 0.035, 0.057
0.16, 0.045, 0.053, 0.025, 0.021, 0.063
0.19, 0.069, 0.076, 0.037, 0.023, 0.05
0.149, 0.066, 0.064, 0.027, 0.025, 0.077
0.165, 0.065, 0.06, 0.027, 0.021, 0.077
0.172, 0.045, 0.059, 0.028, 0.023, 0.072
0.201, 0.049, 0.059, 0.033, 0.044, 0.059
0.178, 5.655, 0.077, 0.091, 0.04, 0.118
0.168, 0.065, 0.061, 0.057, 0.024, 0.063
0.166, 0.046, 0.062, 0.042, 0.025, 0.057
0.175, 0.048, 0.061, 0.047, 0.02, 0.05
0.271, 0.049, 0.059, 0.026, 0.02, 0.044
0.192, 0.065, 0.063, 0.028, 0.023, 0.049
0.167, 0.068, 0.066, 0.033, 0.033, 0.079
0.188, 0.051, 0.055, 0.042, 0.024, 0.066
0.15, 0.049, 0.06, 0.034, 0.022, 0.06
0.198, 0.056, 0.056, 0.036, 0.03, 0.07
0.174, 0.051, 0.08, 0.033, 0.021, 0.053
0.194, 0.058, 0.056, 0.048, 0.025, 0.062
0.143, 0.053, 0.047, 0.045, 0.027, 0.066
0.181, 0.047, 0.044, 0.045, 0.023, 0.059
0.144, 0.042, 0.079, 0.033, 0.022, 0.057
0.138, 0.033, 0.041, 0.03, 0.02, 0.048
0.164, 0.033, 0.032, 0.037, 0.025, 0.068
0.194, 0.04, 0.036, 0.042, 0.025, 0.066
0.202, 0.028, 0.028, 0.011, 0.019, 0.036
0.125, 0.035, 0.03, 0.013, 0.019, 0.039
0.133, 0.09, 0.03, 0.011, 0.018, 0.034
0.141, 0.025, 0.03, 0.012, 0.017, 0.035
0.172, 0.032, 0.03, 0.016, 0.022, 0.043
0.156, 0.03, 0.069, 0.013, 0.021, 0.039
0.138, 0.024, 0.029, 0.012, 0.017, 0.033
0.143, 0.033, 0.03, 0.012, 0.018, 0.035
0.149, 0.046, 0.044, 0.04, 0.028, 0.07
0.161, 0.043, 0.042, 0.034, 0.025, 0.062
0.141, 0.045, 0.044, 0.037, 0.025, 0.069
0.153, 0.043, 0.047, 0.033, 0.025, 0.065
0.134, 0.04, 0.042, 0.028, 0.021, 0.049
0.236, 0.05, 0.046, 0.035, 0.023, 0.06
0.17, 0.045, 0.044, 0.035, 0.025, 0.068
0.177, 0.099, 0.274, 0.028, 0.024, 0.055
0.152, 0.077, 0.084, 0.03, 0.022, 0.052
0.161, 0.06, 0.066, 0.03, 0.023, 0.057
0.176, 0.062, 0.087, 0.038, 0.025, 0.066
0.163, 0.065, 0.073, 0.038, 0.023, 0.063
0.199, 0.089, 0.097, 0.037, 0.026, 0.069
0.144, 0.053, 0.064, 0.026, 0.021, 0.049
0.173, 0.07, 0.098, 0.039, 0.027, 0.062
0.161, 0.07, 0.07, 0.043, 0.025, 0.059
0.147, 0.069, 0.069, 0.042, 0.022, 0.06
0.153, 0.053, 0.063, 0.039, 0.025, 0.065
0.133, 0.052, 0.075, 0.029, 0.021, 0.051
0.157, 0.046, 0.058, 0.027, 0.023, 0.052
0.13, 0.056, 0.057, 0.028, 0.02, 0.066
0.142, 0.06, 0.074, 0.041, 0.024, 0.067
0.142, 0.062, 0.084, 0.04, 0.027, 0.069
0.172, 0.054, 0.06, 0.04, 0.027, 0.069
0.152, 0.055, 0.059, 0.033, 0.021, 0.057
0.13, 0.061, 0.059, 0.029, 0.021, 0.053
0.223, 0.054, 0.063, 0.028, 0.026, 0.061
0.136, 0.046, 0.067, 0.038, 0.024, 0.065
0.134, 0.049, 0.063, 0.038, 0.024, 0.064
0.178, 0.053, 0.051, 0.032, 0.026, 0.064
0.162, 0.039, 0.036, 0.033, 0.024, 0.06
0.123, 0.049, 0.038, 0.033, 0.026, 0.054
0.154, 0.051, 0.029, 0.034, 0.024, 0.063
0.144, 0.039, 0.062, 0.038, 0.026, 0.074
0.165, 0.052, 0.038, 0.033, 0.025, 0.066
0.14, 0.043, 0.034, 0.028, 0.021, 0.053
0.154, 0.037, 0.095, 0.038, 0.03, 0.075
0.204, 0.05, 0.037, 0.042, 0.026, 0.069
0.204, 0.046, 0.082, 0.041, 0.025, 0.063
0.15, 0.091, 0.117, 0.065, 0.04, 0.12
0.138, 0.077, 0.104, 0.033, 0.025, 0.067
0.207, 0.071, 0.068, 0.025, 0.027, 0.063
0.18, 0.07, 0.07, 0.028, 0.022, 0.06
0.187, 0.059, 0.056, 0.031, 0.028, 0.074
0.247, 0.062, 0.041, 0.031, 0.028, 0.07
0.163, 0.046, 0.042, 0.026, 0.022, 0.054
0.157, 0.054, 0.04, 0.019, 0.021, 0.048
0.194, 0.052, 0.037, 0.016, 0.02, 0.046
0.187, 0.037, 0.037, 0.014, 0.022, 0.048
0.191, 0.068, 0.099, 0.047, 0.03, 0.08
0.185, 0.131, 0.067, 0.022, 0.022, 0.052
0.198, 0.072, 0.068, 0.027, 0.025, 0.073
0.171, 3.466, 0.156, 0.043, 0.026, 0.079
0.204, 0.099, 0.091, 0.024, 0.025, 0.058
0.197, 0.05, 0.052, 0.023, 0.021, 0.045
0.18, 0.048, 0.052, 0.025, 0.021, 0.048
0.154, 0.085, 0.043, 0.055, 0.032, 0.087
0.153, 0.033, 0.072, 0.012, 0.018, 0.034
0.171, 0.047, 0.069, 0.011, 0.021, 0.042
0.215, 0.046, 0.081, 0.01, 0.02, 0.038
0.18, 0.034, 0.063, 0.01, 0.02, 0.037
0.157, 0.034, 0.073, 0.01, 0.017, 0.033
0.189, 0.095, 0.104, 0.039, 0.022, 0.053
0.157, 0.069, 0.066, 0.015, 0.019, 0.035
0.245, 0.169, 0.103, 0.023, 0.027, 0.056
0.15, 0.046, 0.06, 0.023, 0.021, 0.048
0.163, 0.051, 0.051, 0.011, 0.02, 0.049
0.143, 0.039, 0.083, 0.01, 0.019, 0.038
0.169, 0.061, 0.113, 0.05, 0.031, 0.08
0.167, 0.033, 0.066, 0.011, 0.032, 0.039
0.179, 0.031, 0.073, 0.012, 0.02, 0.036
0.133, 0.034, 0.073, 0.024, 0.021, 0.038
0.166, 0.062, 0.086, 0.009, 0.017, 0.033
0.171, 0.04, 0.055, 0.01, 0.019, 0.036
0.225, 0.056, 0.064, 0.012, 0.02, 0.038
0.172, 0.056, 0.05, 0.011, 0.018, 0.035
0.15, 0.06, 0.049, 0.013, 0.018, 0.047
0.136, 0.046, 0.048, 0.012, 0.018, 0.036
0.167, 0.348, 0.11, 0.013, 0.018, 0.035
0.128, 0.074, 0.066, 0.012, 0.017, 0.032
0.165, 7.494, 0.09, 0.046, 0.037, 0.124
0.184, 0.07, 0.07, 0.014, 0.021, 0.038
0.17, 0.082, 0.078, 0.025, 0.021, 0.05
0.175, 0.063, 0.072, 0.013, 0.018, 0.032
0.164, 0.055, 0.062, 0.01, 0.018, 0.034
0.198, 0.052, 0.079, 0.01, 0.022, 0.046
0.157, 0.057, 0.068, 0.011, 0.018, 0.044
0.197, 0.089, 0.059, 0.065, 0.039, 0.116
0.155, 0.051, 0.043, 0.04, 0.033, 0.081
0.157, 0.073, 0.059, 0.048, 0.037, 0.107
0.138, 0.042, 0.04, 0.021, 0.022, 0.052
0.18, 0.063, 0.099, 0.05, 0.03, 0.083
0.188, 0.093, 0.073, 0.021, 0.022, 0.047
0.141, 0.07, 0.062, 0.066, 0.038, 0.117
0.195, 0.057, 0.041, 0.034, 0.025, 0.062
0.155, 0.075, 0.074, 0.027, 0.023, 0.063
0.15, 0.058, 0.061, 0.018, 0.02, 0.045
0.136, 0.054, 0.058, 0.017, 0.02, 0.04
0.132, 0.052, 0.062, 0.024, 0.022, 0.053
0.145, 0.061, 0.061, 0.015, 0.022, 0.038
0.148, 0.056, 0.06, 0.016, 0.02, 0.037
0.156, 0.056, 0.06, 0.011, 0.019, 0.037
0.169, 0.055, 0.06, 0.013, 0.018, 0.035
0.158, 0.071, 0.063, 0.015, 0.021, 0.042
0.155, 0.056, 0.061, 0.025, 0.022, 0.056
0.164, 0.052, 0.059, 0.018, 0.022, 0.043
0.14, 0.05, 0.056, 0.014, 0.019, 0.068
0.16, 0.046, 0.068, 0.015, 0.018, 0.038
0.153, 0.055, 0.048, 0.019, 0.024, 0.074
0.136, 0.039, 0.05, 0.024, 0.021, 0.06
0.246, 0.033, 0.04, 0.015, 0.018, 0.041
0.177, 0.107, 0.098, 0.032, 0.026, 0.064
0.169, 0.074, 0.087, 0.025, 0.022, 0.048
0.236, 0.067, 0.072, 0.026, 0.025, 0.062
0.129, 0.054, 0.047, 0.047, 0.028, 0.07
0.143, 0.042, 0.049, 0.023, 0.02, 0.045
0.132, 0.051, 0.048, 0.019, 0.019, 0.048
0.16, 0.048, 0.051, 0.042, 0.026, 0.061
0.152, 0.118, 0.053, 0.049, 0.026, 0.06
0.194, 0.059, 0.047, 0.038, 0.026, 0.075
0.155, 0.05, 0.046, 0.037, 0.044, 0.097
0.169, 0.057, 0.055, 0.042, 0.024, 0.062
0.16, 0.05, 0.057, 0.029, 0.025, 0.06
0.149, 0.047, 0.053, 0.022, 0.019, 0.046
0.138, 0.04, 0.05, 0.02, 0.021, 0.047
0.134, 0.048, 0.048, 0.029, 0.023, 0.059
0.129, 0.043, 0.045, 0.033, 0.022, 0.057
0.139, 0.044, 0.044, 0.031, 0.02, 0.052
0.136, 0.044, 0.048, 0.023, 0.019, 0.049
0.141, 0.041, 0.047, 0.027, 0.019, 0.053
0.151, 0.042, 0.048, 0.023, 0.022, 0.051
0.146, 0.047, 0.052, 0.033, 0.024, 0.06
0.192, 0.108, 0.113, 0.028, 0.024, 0.062
0.165, 0.071, 0.057, 0.029, 0.02, 0.053
0.188, 0.074, 0.044, 0.059, 0.03, 0.091
0.162, 0.036, 0.037, 0.028, 0.022, 0.056
0.169, 0.098, 0.106, 0.027, 0.022, 0.051
0.272, 0.056, 0.057, 0.021, 0.022, 0.048
0.213, 0.048, 0.059, 0.009, 0.019, 0.037
0.161, 0.051, 0.062, 0.012, 0.02, 0.038
0.133, 0.05, 0.056, 0.014, 0.019, 0.036
0.147, 0.055, 0.059, 0.021, 0.019, 0.041
0.165, 0.054, 0.056, 0.014, 0.018, 0.036
0.158, 0.054, 0.06, 0.014, 0.018, 0.036
0.144, 0.047, 0.052, 0.012, 0.02, 0.039
0.186, 0.046, 0.054, 0.011, 0.02, 0.037
0.13, 0.055, 0.057, 0.044, 0.023, 0.061
0.153, 0.335, 0.066, 0.059, 0.026, 0.075
0.145, 0.05, 0.055, 0.03, 0.02, 0.049
0.163, 0.063, 0.101, 0.064, 0.04, 0.111
0.195, 0.033, 0.039, 0.023, 0.023, 0.06
0.145, 0.029, 0.036, 0.015, 0.022, 0.045
0.144, 0.047, 0.073, 0.029, 0.024, 0.061
0.186, 0.047, 0.042, 0.028, 0.026, 0.075
0.194, 0.049, 0.046, 0.024, 0.023, 0.054
0.195, 0.062, 0.046, 0.042, 0.03, 0.083
0.168, 0.055, 0.045, 0.059, 0.035, 0.1
0.223, 0.046, 0.054, 0.023, 0.029, 0.062
0.185, 0.06, 0.073, 0.058, 0.041, 0.113
0.159, 0.055, 0.056, 0.056, 0.036, 0.1
0.145, 0.041, 0.051, 0.025, 0.023, 0.057
0.153, 0.059, 0.059, 0.043, 0.032, 0.094
0.421, 0.083, 0.087, 0.059, 0.04, 0.133
0.178, 0.049, 0.056, 0.036, 0.036, 0.093
0.161, 0.058, 0.051, 0.036, 0.028, 0.082
0.154, 0.041, 0.06, 0.034, 0.028, 0.068
0.141, 0.043, 0.054, 0.032, 0.028, 0.073
0.16, 0.087, 0.089, 0.068, 0.041, 0.119
0.158, 0.107, 0.101, 0.051, 0.031, 0.095
0.174, 0.096, 0.084, 0.056, 0.034, 0.103
0.203, 0.107, 0.113, 0.05, 0.032, 0.087
0.164, 0.079, 0.087, 0.041, 0.026, 0.067
0.182, 0.092, 0.101, 0.028, 0.024, 0.058
0.169, 0.072, 0.063, 0.038, 0.027, 0.066
0.142, 0.046, 0.044, 0.031, 0.021, 0.055
0.666, 0.054, 0.046, 0.037, 0.026, 0.065
0.168, 0.055, 0.048, 0.03, 0.027, 0.062
0.143, 0.045, 0.05, 0.031, 0.024, 0.055
0.163, 0.051, 0.063, 0.034, 0.024, 0.058
0.151, 0.044, 0.065, 0.031, 0.022, 0.055
0.156, 0.053, 0.06, 0.029, 0.024, 0.059
0.168, 0.059, 0.056, 0.027, 0.024, 0.055
0.18, 0.053, 0.052, 0.023, 0.022, 0.051
0.143, 0.046, 0.047, 0.023, 0.019, 0.045
0.134, 0.054, 0.05, 0.024, 0.021, 0.047
0.157, 0.05, 0.072, 0.022, 0.03, 0.067
0.166, 0.084, 0.071, 0.058, 0.041, 0.111
0.176, 0.131, 0.105, 0.079, 0.035, 0.14
0.141, 0.073, 0.063, 0.059, 0.037, 0.105
0.206, 0.095, 0.063, 0.053, 0.035, 0.098
0.133, 0.052, 0.051, 0.04, 0.025, 0.067
0.166, 0.046, 0.046, 0.023, 0.021, 0.047
0.145, 0.047, 0.046, 0.025, 0.021, 0.052
0.134, 0.041, 0.046, 0.017, 0.018, 0.038
0.147, 0.052, 0.049, 0.013, 0.017, 0.035
0.274, 0.045, 0.044, 0.02, 0.025, 0.049
0.223, 0.08, 0.085, 0.019, 0.021, 0.043
0.206, 0.061, 0.092, 0.035, 0.025, 0.065
0.188, 0.064, 0.074, 0.038, 0.025, 0.06
0.177, 0.068, 0.072, 0.022, 0.02, 0.051
0.194, 0.076, 0.054, 0.047, 0.031, 0.076
0.181, 0.071, 0.054, 0.049, 0.029, 0.083
0.212, 0.068, 0.055, 0.05, 0.03, 0.083
0.173, 0.06, 0.046, 0.041, 0.034, 0.079
0.152, 0.045, 0.044, 0.038, 0.025, 0.066
0.161, 0.043, 0.044, 0.034, 0.026, 0.071
0.178, 0.042, 0.066, 0.032, 0.024, 0.062
0.18, 0.047, 0.066, 0.03, 0.026, 0.092
0.178, 0.056, 0.065, 0.056, 0.025, 0.074
0.172, 0.051, 0.081, 0.055, 0.025, 0.087
0.178, 0.067, 0.046, 0.043, 0.028, 0.076
0.195, 0.065, 0.043, 0.041, 0.03, 0.07
0.145, 0.046, 0.042, 0.042, 0.028, 0.071
0.167, 0.063, 0.052, 0.038, 0.026, 0.068
0.151, 0.042, 0.048, 0.015, 0.021, 0.043
0.279, 0.059, 0.047, 0.017, 0.024, 0.047
0.223, 0.047, 0.044, 0.025, 0.026, 0.054
0.234, 0.044, 0.043, 0.02, 0.024, 0.051
0.157, 0.044, 0.046, 0.034, 0.026, 0.063
0.147, 0.049, 0.043, 0.034, 0.025, 0.058
0.217, 0.056, 0.052, 0.028, 0.027, 0.061
0.201, 0.062, 0.053, 0.04, 0.029, 0.072
0.172, 0.044, 0.062, 0.021, 0.025, 0.055
0.194, 0.042, 0.066, 0.022, 0.026, 0.057
0.157, 0.035, 0.042, 0.017, 0.039, 0.05
0.173, 0.044, 0.044, 0.045, 0.026, 0.058
0.157, 0.041, 0.045, 0.019, 0.04, 0.051
0.17, 0.065, 0.059, 0.03, 0.026, 0.059
0.163, 0.053, 0.047, 0.031, 0.024, 0.05
0.169, 0.04, 0.045, 0.019, 0.041, 0.051
0.141, 0.04, 0.039, 0.021, 0.023, 0.059
0.18, 0.04, 0.046, 0.019, 0.037, 0.048
0.14, 0.042, 0.043, 0.018, 0.023, 0.061
0.164, 0.045, 0.044, 0.024, 0.022, 0.065
0.141, 0.043, 0.046, 0.027, 0.024, 0.061
0.163, 0.039, 0.046, 0.017, 0.021, 0.057
0.141, 0.048, 0.043, 0.016, 0.022, 0.047
0.177, 0.038, 0.041, 0.015, 0.025, 0.047
0.18, 0.043, 0.044, 0.012, 0.031, 0.037
0.154, 0.039, 0.043, 0.015, 0.036, 0.042
0.182, 0.067, 0.043, 0.016, 0.025, 0.049
0.23, 0.04, 0.045, 0.015, 0.022, 0.042
0.189, 0.047, 0.047, 0.029, 0.026, 0.057
0.156, 0.047, 0.049, 0.015, 0.022, 0.047
0.196, 0.056, 0.047, 0.014, 0.021, 0.042
0.136, 0.043, 0.049, 0.021, 0.024, 0.048
0.282, 0.036, 0.04, 0.03, 0.025, 0.061
0.194, 0.045, 0.047, 0.037, 0.028, 0.07
0.213, 0.047, 0.045, 0.017, 0.025, 0.052
0.239, 0.088, 0.084, 0.042, 0.03, 0.067
0.236, 0.383, 0.07, 0.044, 0.032, 0.069
0.196, 0.063, 0.061, 0.045, 0.029, 0.079
0.277, 0.078, 0.103, 0.038, 0.028, 0.075
0.181, 0.049, 0.083, 0.017, 0.022, 0.042
0.166, 0.049, 0.07, 0.015, 0.034, 0.043
0.186, 0.06, 0.061, 0.017, 0.024, 0.049
0.224, 0.098, 0.081, 0.05, 0.029, 0.098
0.194, 0.064, 0.083, 0.043, 0.027, 0.067
0.21, 0.051, 0.082, 0.032, 0.024, 0.062
0.203, 0.056, 0.057, 0.029, 0.021, 0.05
0.164, 0.057, 0.052, 0.04, 0.028, 0.074
0.181, 0.07, 0.095, 0.043, 0.025, 0.06
0.172, 0.045, 0.066, 0.018, 0.021, 0.044
0.167, 0.078, 0.067, 0.037, 0.023, 0.06
0.162, 0.077, 0.079, 0.061, 0.035, 0.1
0.176, 0.095, 0.101, 0.041, 0.026, 0.07
0.159, 0.116, 0.073, 0.068, 0.041, 0.119
0.191, 0.092, 0.067, 0.068, 0.041, 0.127
0.246, 0.109, 0.101, 0.056, 0.033, 0.093
0.26, 0.092, 0.108, 0.014, 0.019, 0.04
0.192, 0.055, 0.064, 0.017, 0.02, 0.041
0.171, 0.073, 0.063, 0.02, 0.02, 0.048
0.186, 0.068, 0.062, 0.041, 0.027, 0.076
0.204, 0.099, 0.069, 0.053, 0.033, 0.094
0.204, 0.077, 0.068, 0.053, 0.033, 0.103
0.223, 0.074, 0.066, 0.048, 0.047, 0.085
0.222, 0.089, 0.082, 0.039, 0.029, 0.073
0.195, 0.653, 0.068, 0.039, 0.027, 0.068
0.21, 3.066, 3.704, 0.052, 0.032, 0.11
0.241, 0.945, 2.517, 0.051, 0.032, 0.1
0.238, 0.066, 0.078, 0.05, 0.028, 0.075
0.217, 0.054, 0.062, 0.03, 0.023, 0.054
0.171, 0.056, 0.057, 0.042, 0.029, 0.073
0.287, 0.048, 0.053, 0.024, 0.023, 0.055
0.203, 0.051, 0.057, 0.027, 0.023, 0.059
0.217, 0.078, 0.089, 0.018, 0.023, 0.069
0.174, 0.065, 0.058, 0.045, 0.026, 0.086
0.22, 0.052, 0.046, 0.04, 0.049, 0.087
0.284, 0.061, 0.057, 0.044, 0.029, 0.082
0.244, 0.056, 0.058, 0.038, 0.027, 0.069
0.218, 0.062, 0.079, 0.025, 0.026, 0.058
0.235, 0.102, 0.097, 0.029, 0.029, 0.061
0.214, 0.087, 0.09, 0.023, 0.024, 0.048
0.22, 0.242, 0.185, 0.052, 0.028, 0.167
0.22, 0.085, 0.093, 0.035, 0.022, 0.059
0.189, 0.054, 0.059, 0.036, 0.023, 0.055
0.202, 0.077, 0.063, 0.042, 0.027, 0.067
0.243, 0.062, 0.07, 0.034, 0.029, 0.069
0.258, 0.053, 0.067, 0.023, 0.039, 0.058
0.276, 0.075, 0.084, 0.02, 0.023, 0.048
0.211, 0.064, 0.057, 0.022, 0.023, 0.051
0.298, 0.054, 0.061, 0.024, 0.025, 0.053
0.324, 0.085, 0.359, 0.047, 0.029, 0.066
0.254, 0.054, 0.058, 0.027, 0.027, 0.057
0.247, 0.046, 0.054, 0.019, 0.023, 0.059
0.281, 0.046, 0.057, 0.02, 0.025, 0.051
0.21, 0.051, 0.06, 0.017, 0.025, 0.049
0.352, 0.068, 0.059, 0.023, 0.023, 0.053
0.34, 0.052, 0.057, 0.021, 0.026, 0.051
0.246, 0.052, 0.057, 0.02, 0.025, 0.048
0.278, 0.068, 0.061, 0.025, 0.027, 0.056
0.199, 0.065, 0.059, 0.033, 0.028, 0.065
0.185, 0.061, 0.058, 0.023, 0.023, 0.052
0.197, 0.047, 0.053, 0.029, 0.029, 0.061
0.198, 0.032, 0.038, 0.031, 0.025, 0.053
0.242, 0.039, 0.04, 0.029, 0.026, 0.059
0.232, 0.12, 0.073, 0.029, 0.021, 0.051
0.156, 0.048, 0.049, 0.036, 0.022, 0.061
0.182, 0.062, 0.053, 0.037, 0.025, 0.063
0.151, 0.048, 0.048, 0.029, 0.02, 0.045
0.193, 0.047, 0.046, 0.03, 0.024, 0.058
0.171, 0.045, 0.048, 0.037, 0.024, 0.06
0.17, 0.086, 0.069, 0.074, 0.033, 0.102
0.172, 0.068, 0.065, 0.057, 0.047, 0.127
0.271, 0.133, 0.112, 0.057, 0.04, 0.113
0.19, 0.057, 0.069, 0.049, 0.03, 0.07
0.181, 0.053, 0.068, 0.029, 0.024, 0.064
0.238, 0.101, 0.085, 0.056, 0.035, 0.098
0.21, 0.092, 0.072, 0.071, 0.042, 0.128
0.167, 0.124, 0.053, 0.072, 0.039, 0.116
0.152, 0.073, 0.065, 0.06, 0.039, 0.113
0.189, 0.074, 0.067, 0.064, 0.041, 0.13
0.221, 0.109, 0.094, 0.068, 0.04, 0.12
0.15, 0.092, 0.061, 0.069, 0.04, 0.116
0.155, 0.08, 0.065, 0.064, 0.043, 0.125
0.143, 0.041, 0.054, 0.016, 0.024, 0.045
0.158, 0.061, 0.058, 0.022, 0.024, 0.05
0.179, 0.064, 0.08, 0.013, 0.022, 0.04
0.163, 0.06, 0.089, 0.037, 0.026, 0.067
0.212, 0.069, 0.07, 0.023, 0.021, 0.051
0.157, 0.065, 0.109, 0.019, 0.02, 0.045
0.161, 0.05, 0.083, 0.028, 0.021, 0.051
0.175, 0.048, 0.054, 0.023, 0.024, 0.051
0.166, 0.044, 0.053, 0.022, 0.019, 0.049
0.195, 0.091, 0.068, 0.064, 0.04, 0.141
0.181, 12.978, 0.272, 0.168, 0.054, 0.188
0.174, 0.05, 0.078, 0.022, 0.02, 0.046
0.281, 0.055, 0.061, 0.013, 0.023, 0.047
0.377, 3.904, 0.075, 0.019, 0.021, 0.047
0.372, 0.059, 0.063, 0.028, 0.026, 0.066
0.358, 0.057, 0.06, 0.027, 0.022, 0.053
0.182, 0.047, 0.057, 0.019, 0.02, 0.048
0.202, 0.069, 0.061, 0.027, 0.036, 0.087
0.193, 0.059, 0.064, 0.044, 0.025, 0.067
0.396, 0.054, 0.056, 0.024, 0.023, 0.057
0.235, 0.08, 0.073, 0.051, 0.032, 0.103
0.214, 0.067, 0.055, 0.032, 0.025, 0.062
0.24, 0.08, 0.068, 0.037, 0.024, 0.069
0.225, 0.087, 0.069, 0.057, 0.036, 0.108
0.256, 0.088, 0.072, 0.057, 0.035, 0.107
0.276, 0.073, 0.066, 0.055, 0.051, 0.119
0.233, 0.06, 0.06, 0.02, 0.024, 0.058
0.256, 0.099, 0.077, 0.045, 0.04, 0.089
0.232, 0.058, 0.05, 0.046, 0.024, 0.062
0.23, 0.038, 0.045, 0.016, 0.019, 0.039
0.32, 0.04, 0.044, 0.01, 0.017, 0.053
0.295, 0.045, 0.053, 0.016, 0.022, 0.047
0.246, 0.056, 0.048, 0.015, 0.018, 0.04
0.269, 0.043, 0.05, 0.018, 0.018, 0.039
0.254, 0.086, 0.106, 0.014, 0.019, 0.037
0.29, 0.063, 0.054, 0.025, 0.019, 0.045
0.225, 0.045, 0.047, 0.017, 0.019, 0.04
0.169, 0.041, 0.049, 0.014, 0.021, 0.041
0.207, 0.053, 0.057, 0.013, 0.018, 0.039
0.298, 0.043, 0.05, 0.013, 0.021, 0.042
0.319, 0.071, 0.091, 0.014, 0.021, 0.042
0.227, 0.051, 0.053, 0.027, 0.02, 0.049
0.231, 0.048, 0.05, 0.029, 0.02, 0.055
0.228, 0.053, 0.054, 0.029, 0.023, 0.058
0.157, 0.041, 0.047, 0.017, 0.02, 0.042
0.181, 0.051, 0.053, 0.041, 0.027, 0.066
0.207, 0.042, 0.039, 0.042, 0.025, 0.059
0.226, 0.566, 0.043, 0.042, 0.024, 0.056
0.195, 0.034, 0.035, 0.027, 0.022, 0.053
0.195, 0.026, 0.026, 0.017, 0.02, 0.045
0.164, 0.026, 0.025, 0.02, 0.019, 0.044
0.185, 0.028, 0.029, 0.021, 0.019, 0.044
0.162, 0.03, 0.032, 0.028, 0.02, 0.062
0.165, 0.026, 0.026, 0.023, 0.028, 0.046
0.17, 0.033, 0.038, 0.03, 0.034, 0.068
0.131, 0.028, 0.027, 0.046, 0.021, 0.053
0.152, 0.037, 0.045, 0.031, 0.022, 0.059
0.172, 0.038, 0.034, 0.02, 0.02, 0.046
0.137, 0.059, 0.036, 0.036, 0.026, 0.064
0.148, 0.035, 0.047, 0.033, 0.025, 0.056
0.168, 0.096, 0.081, 0.057, 0.032, 0.079
0.155, 0.075, 0.058, 0.039, 0.03, 0.075
0.197, 0.026, 0.032, 0.013, 0.019, 0.036
0.171, 3.308, 0.052, 0.055, 0.043, 0.104
0.201, 0.038, 0.029, 0.017, 0.021, 0.048
0.225, 0.038, 0.027, 0.014, 0.021, 0.043
0.15, 0.038, 0.031, 0.016, 0.022, 0.041
0.167, 0.044, 0.032, 0.023, 0.022, 0.052
0.171, 0.034, 0.031, 0.021, 0.022, 0.05
0.163, 0.048, 0.04, 0.038, 0.023, 0.06
0.214, 0.036, 0.029, 0.046, 0.03, 0.075
0.156, 0.043, 0.036, 0.043, 0.024, 0.065
0.197, 0.036, 0.03, 0.016, 0.018, 0.04
0.184, 0.039, 0.032, 0.024, 0.027, 0.049
0.161, 0.162, 0.036, 0.04, 0.029, 0.062
0.186, 0.051, 0.062, 0.038, 0.023, 0.06
0.207, 0.043, 0.064, 0.03, 0.023, 0.06
0.199, 0.037, 0.053, 0.022, 0.023, 0.053
0.183, 0.035, 0.044, 0.021, 0.02, 0.041
0.221, 0.046, 0.051, 0.031, 0.046, 0.065
0.205, 0.054, 0.04, 0.031, 0.021, 0.046
0.174, 0.049, 0.045, 0.032, 0.024, 0.063
0.164, 0.078, 0.064, 0.033, 0.032, 0.071
0.273, 0.045, 0.04, 0.043, 0.027, 0.07
0.184, 0.035, 0.035, 0.038, 0.025, 0.057
0.189, 0.047, 0.042, 0.037, 0.024, 0.058
0.233, 0.043, 0.037, 0.032, 0.025, 0.078
0.211, 0.045, 0.043, 0.041, 0.025, 0.066
0.232, 0.062, 0.083, 0.027, 0.023, 0.054
0.17, 0.042, 0.048, 0.023, 0.023, 0.079
0.199, 0.116, 0.116, 0.028, 0.022, 0.074
0.192, 0.074, 0.067, 0.035, 0.024, 0.078
0.207, 0.065, 0.069, 0.031, 0.041, 0.058
0.26, 0.079, 0.077, 0.025, 0.022, 0.054
0.198, 0.071, 0.081, 0.031, 0.026, 0.064
0.19, 0.05, 0.054, 0.031, 0.026, 0.062
0.196, 0.078, 0.064, 0.043, 0.027, 0.073
0.185, 0.084, 0.068, 0.061, 0.037, 0.103
0.209, 0.076, 0.068, 0.043, 0.03, 0.095
0.206, 0.086, 0.079, 0.034, 0.029, 0.078
0.2, 0.07, 0.082, 0.03, 0.028, 0.082
0.212, 0.066, 0.066, 0.038, 0.03, 0.081
0.168, 0.079, 0.07, 0.028, 0.026, 0.065
0.179, 0.078, 0.067, 0.051, 0.027, 0.091
0.284, 0.065, 0.043, 0.049, 0.028, 0.074
0.195, 0.036, 0.037, 0.021, 0.021, 0.046
0.181, 0.06, 0.072, 0.044, 0.025, 0.064
0.186, 0.051, 0.069, 0.034, 0.025, 0.06
0.194, 0.066, 0.048, 0.042, 0.027, 0.07
0.176, 0.056, 0.063, 0.037, 0.024, 0.072
0.229, 0.073, 0.034, 0.036, 0.027, 0.065
0.158, 0.047, 0.038, 0.026, 0.023, 0.05
0.149, 0.043, 0.033, 0.015, 0.019, 0.04
0.159, 0.056, 0.073, 0.024, 0.024, 0.05
0.287, 0.044, 0.051, 0.027, 0.028, 0.077
0.197, 0.037, 0.045, 0.014, 0.021, 0.052
0.165, 0.037, 0.042, 0.013, 0.031, 0.041
0.163, 0.037, 0.052, 0.018, 0.022, 0.045
0.198, 0.035, 0.042, 0.013, 0.021, 0.038
0.174, 0.052, 0.047, 0.011, 0.021, 0.039
0.174, 0.033, 0.045, 0.011, 0.019, 0.036
0.181, 0.045, 0.081, 0.013, 0.02, 0.039
0.183, 0.035, 0.042, 0.017, 0.021, 0.044
0.151, 0.039, 0.044, 0.015, 0.02, 0.04
0.172, 0.039, 0.045, 0.014, 0.022, 0.045
0.17, 0.299, 0.032, 0.025, 0.02, 0.047
0.233, 0.035, 0.036, 0.017, 0.019, 0.041
0.288, 0.044, 0.037, 0.015, 0.018, 0.037
0.277, 0.046, 0.041, 0.021, 0.019, 0.047
0.222, 0.031, 0.032, 0.014, 0.023, 0.04
0.229, 0.038, 0.04, 0.016, 0.018, 0.05
0.209, 0.035, 0.043, 0.016, 0.02, 0.041
0.156, 0.041, 0.036, 0.03, 0.018, 0.052
0.162, 0.042, 0.051, 0.019, 0.019, 0.04
0.163, 0.047, 0.057, 0.054, 0.023, 0.061
0.166, 0.066, 0.046, 0.017, 0.021, 0.056
0.262, 0.052, 0.051, 0.043, 0.03, 0.07
0.27, 0.048, 0.047, 0.029, 0.027, 0.064
0.299, 0.055, 0.05, 0.046, 0.03, 0.078
0.268, 0.051, 0.057, 0.043, 0.028, 0.07
0.272, 0.056, 0.052, 0.031, 0.025, 0.059
0.259, 0.043, 0.049, 0.027, 0.023, 0.051
0.321, 0.04, 0.06, 0.024, 0.029, 0.061
0.244, 0.068, 0.05, 0.039, 0.028, 0.07
0.235, 0.063, 0.05, 0.036, 0.03, 0.07
0.19, 0.06, 0.049, 0.031, 0.025, 0.055
0.192, 0.054, 0.043, 0.023, 0.027, 0.053
0.184, 0.042, 0.044, 0.026, 0.027, 0.06
0.259, 0.056, 0.048, 0.023, 0.025, 0.05
0.228, 0.059, 0.047, 0.041, 0.028, 0.071
0.183, 0.051, 0.044, 0.03, 0.024, 0.057
0.165, 0.049, 0.045, 0.029, 0.021, 0.055
0.161, 0.057, 0.046, 0.031, 0.022, 0.052
0.154, 1.352, 0.075, 0.041, 0.027, 0.066
0.154, 0.047, 0.047, 0.04, 0.025, 0.069
0.197, 0.039, 0.043, 0.027, 0.023, 0.055
0.166, 0.054, 0.049, 0.032, 0.024, 0.057
0.152, 0.046, 0.046, 0.024, 0.023, 0.052
0.157, 0.051, 0.046, 0.023, 0.025, 0.057
0.154, 0.051, 0.046, 0.024, 0.023, 0.05
0.168, 0.096, 0.094, 0.032, 0.02, 0.049
0.181, 0.066, 0.058, 0.028, 0.027, 0.058
0.157, 0.134, 0.087, 0.072, 0.043, 0.156
0.16, 0.038, 0.039, 0.026, 0.023, 0.063
0.182, 0.039, 0.037, 0.023, 0.022, 0.051
0.245, 0.084, 0.08, 0.046, 0.03, 0.094
0.161, 0.076, 0.066, 0.061, 0.035, 0.091
0.202, 0.062, 0.072, 0.062, 0.032, 0.1
0.483, 0.05, 0.069, 0.015, 0.024, 0.048
0.732, 0.08, 0.082, 0.034, 0.024, 0.186
0.211, 0.074, 0.082, 0.043, 0.025, 0.067
0.186, 0.047, 0.062, 0.025, 0.021, 0.045
0.28, 0.054, 0.066, 0.024, 0.021, 0.049
0.354, 0.056, 0.065, 0.033, 0.024, 0.055
0.247, 0.066, 0.043, 0.061, 0.038, 0.106
0.255, 0.056, 0.041, 0.034, 0.024, 0.079
0.265, 0.141, 0.286, 0.052, 0.038, 0.111
0.246, 0.065, 0.058, 0.061, 0.034, 0.093
0.257, 0.063, 0.059, 0.059, 0.033, 0.096
0.282, 0.047, 0.051, 0.034, 0.025, 0.07
0.253, 0.053, 0.058, 0.038, 0.028, 0.078
0.192, 0.053, 0.131, 0.05, 0.034, 0.116
0.206, 0.065, 0.055, 0.046, 0.047, 0.109
0.176, 0.035, 0.037, 0.022, 0.02, 0.074
0.165, 0.033, 0.04, 0.028, 0.018, 0.053
0.186, 0.07, 0.046, 0.018, 0.025, 0.058
0.21, 0.044, 0.062, 0.024, 0.027, 0.064
0.19, 0.1, 0.116, 0.017, 0.018, 0.044
0.205, 0.067, 0.067, 0.022, 0.022, 0.056
0.182, 0.044, 0.054, 0.017, 0.019, 0.042
0.221, 0.054, 0.056, 0.017, 0.021, 0.048
0.184, 0.058, 0.055, 0.016, 0.021, 0.043
0.2, 0.055, 0.066, 0.019, 0.022, 0.048
0.203, 0.057, 0.057, 0.026, 0.022, 0.065
0.185, 0.033, 0.043, 0.018, 0.019, 0.046
0.176, 0.024, 0.033, 0.023, 0.021, 0.049
0.244, 0.034, 0.032, 0.019, 0.019, 0.045
0.251, 0.051, 0.061, 0.038, 0.024, 0.066
0.161, 0.049, 0.058, 0.016, 0.019, 0.04
0.161, 0.054, 0.065, 0.016, 0.019, 0.042
0.196, 0.052, 0.055, 0.012, 0.018, 0.035
0.183, 0.049, 0.062, 0.013, 0.02, 0.036
0.292, 0.037, 0.049, 0.013, 0.022, 0.045
0.175, 0.049, 0.04, 0.025, 0.027, 0.056
0.198, 0.038, 0.033, 0.012, 0.018, 0.033
0.17, 0.036, 0.037, 0.025, 0.024, 0.053
0.2, 0.086, 0.114, 0.036, 0.036, 0.057
0.178, 0.052, 0.053, 0.031, 0.023, 0.079
0.186, 0.071, 0.061, 0.068, 0.037, 0.108
0.188, 0.073, 0.057, 0.042, 0.028, 0.079
0.181, 0.049, 0.057, 0.026, 0.025, 0.055
0.174, 0.054, 0.059, 0.017, 0.02, 0.044
0.221, 0.097, 0.107, 0.045, 0.032, 0.082
0.162, 0.085, 0.106, 0.051, 0.036, 0.15
0.186, 0.047, 0.053, 0.022, 0.023, 0.057
0.201, 0.049, 0.058, 0.022, 0.024, 0.057
0.209, 0.046, 0.05, 0.024, 0.02, 0.047
0.143, 0.045, 0.051, 0.018, 0.022, 0.049
0.144, 0.045, 0.05, 0.015, 0.022, 0.041
0.137, 0.072, 0.061, 0.016, 0.02, 0.043
0.139, 0.052, 0.058, 0.017, 0.019, 0.044
0.191, 0.095, 0.105, 0.027, 0.028, 0.067
0.213, 0.101, 0.115, 0.044, 0.031, 0.081
0.17, 0.073, 0.078, 0.039, 0.027, 0.074
0.189, 0.086, 0.099, 0.03, 0.026, 0.071
0.196, 0.047, 0.051, 0.021, 0.022, 0.055
0.143, 0.033, 0.04, 0.031, 0.025, 0.075
0.128, 0.056, 0.037, 0.034, 0.024, 0.069
0.141, 0.047, 0.038, 0.024, 0.021, 0.054
0.175, 0.102, 0.098, 0.048, 0.032, 0.094
0.174, 0.054, 0.061, 0.019, 0.021, 0.05
0.156, 0.054, 0.056, 0.016, 0.022, 0.046
0.205, 0.079, 0.096, 0.014, 0.02, 0.05
0.143, 0.058, 0.065, 0.019, 0.02, 0.044
0.154, 0.068, 0.082, 0.019, 0.02, 0.048
0.231, 0.054, 0.06, 0.017, 0.022, 0.043
0.203, 0.053, 0.057, 0.018, 0.02, 0.051
0.194, 0.054, 0.052, 0.022, 0.022, 0.044
0.17, 0.05, 0.055, 0.018, 0.019, 0.044
0.205, 0.056, 0.069, 0.037, 0.022, 0.064
0.204, 0.053, 0.06, 0.016, 0.019, 0.039
0.168, 0.051, 0.058, 0.012, 0.021, 0.036
0.149, 0.055, 0.062, 0.013, 0.019, 0.034
0.204, 0.068, 0.063, 0.016, 0.022, 0.043
0.166, 0.063, 0.055, 0.022, 0.022, 0.064
0.208, 0.065, 0.073, 0.025, 0.022, 0.085
0.174, 0.056, 0.057, 0.037, 0.023, 0.051
0.18, 0.084, 0.099, 0.014, 0.019, 0.037
0.156, 0.049, 0.058, 0.024, 0.017, 0.033
0.156, 0.048, 0.053, 0.015, 0.032, 0.041
0.156, 0.063, 0.06, 0.031, 0.018, 0.04
0.2, 0.056, 0.066, 0.043, 0.022, 0.051
0.153, 0.05, 0.054, 0.043, 0.022, 0.051
0.173, 0.053, 0.073, 0.018, 0.022, 0.064
0.158, 0.056, 0.074, 0.03, 0.024, 0.056
0.167, 0.068, 0.073, 0.035, 0.024, 0.05
0.187, 0.073, 0.063, 0.043, 0.027, 0.07
0.156, 0.063, 0.066, 0.03, 0.024, 0.057
0.156, 0.066, 0.063, 0.028, 0.024, 0.056
0.155, 0.052, 0.066, 0.039, 0.023, 0.048
0.172, 0.07, 0.068, 0.025, 0.028, 0.063
0.148, 0.059, 0.073, 0.047, 0.027, 0.064
0.196, 0.082, 0.062, 0.031, 0.027, 0.057
0.221, 0.051, 0.07, 0.024, 0.025, 0.059
0.186, 0.06, 0.058, 0.019, 0.026, 0.049
0.186, 0.348, 0.11, 0.033, 0.025, 0.06
0.194, 0.055, 0.062, 0.018, 0.021, 0.047
0.167, 0.047, 0.058, 0.018, 0.018, 0.038
0.168, 0.051, 0.064, 0.014, 0.019, 0.039
0.21, 0.079, 0.088, 0.015, 0.018, 0.037
0.206, 0.101, 0.117, 0.015, 0.018, 0.037
0.179, 0.05, 0.062, 0.016, 0.018, 0.041
0.189, 0.064, 0.061, 0.021, 0.02, 0.043
0.166, 0.049, 0.058, 0.015, 0.02, 0.04
0.282, 0.056, 0.065, 0.015, 0.019, 0.038
0.29, 3.445, 0.069, 0.036, 0.024, 0.082
0.25, 0.052, 0.07, 0.015, 0.019, 0.045
0.256, 0.051, 0.062, 0.015, 0.024, 0.048
0.207, 0.103, 0.101, 0.02, 0.022, 0.053
0.166, 0.041, 0.047, 0.021, 0.02, 0.041
0.329, 0.045, 0.048, 0.022, 0.021, 0.043
0.159, 0.043, 0.047, 0.017, 0.019, 0.039
0.154, 0.047, 0.051, 0.015, 0.019, 0.036
0.155, 0.042, 0.051, 0.019, 0.02, 0.043
0.174, 0.039, 0.045, 0.02, 0.021, 0.045
0.19, 0.101, 0.111, 0.022, 0.02, 0.045
0.699, 0.084, 0.088, 0.022, 0.021, 0.044
0.172, 0.04, 0.047, 0.015, 0.02, 0.04
0.219, 0.047, 0.051, 0.024, 0.021, 0.039
0.158, 0.044, 0.051, 0.028, 0.018, 0.038
0.182, 0.035, 0.051, 0.017, 0.019, 0.039
0.236, 0.105, 0.12, 0.018, 0.021, 0.042
0.203, 0.056, 0.063, 0.02, 0.021, 0.047
0.199, 0.061, 0.061, 0.041, 0.028, 0.074
0.21, 0.11, 0.114, 0.015, 0.021, 0.043
0.211, 0.05, 0.058, 0.023, 0.02, 0.046
0.17, 0.045, 0.057, 0.015, 0.019, 0.037
0.152, 0.046, 0.058, 0.012, 0.018, 0.036
0.173, 0.051, 0.063, 0.015, 0.019, 0.041
0.154, 0.046, 0.058, 0.014, 0.018, 0.036
0.29, 0.069, 0.099, 0.014, 0.023, 0.048
0.227, 0.065, 0.062, 0.019, 0.02, 0.053
0.172, 0.053, 0.063, 0.015, 0.02, 0.04
0.151, 0.041, 0.051, 0.014, 0.019, 0.039
0.176, 0.042, 0.043, 0.016, 0.019, 0.04
0.168, 0.04, 0.042, 0.014, 0.018, 0.036
0.173, 0.044, 0.042, 0.026, 0.025, 0.067
0.302, 0.085, 0.048, 0.039, 0.023, 0.06
0.224, 0.054, 0.044, 0.041, 0.023, 0.058
0.188, 0.067, 0.043, 0.038, 0.022, 0.054
0.189, 0.079, 0.082, 0.024, 0.019, 0.045
0.165, 0.038, 0.048, 0.017, 0.019, 0.041
0.224, 0.046, 0.054, 0.023, 0.023, 0.049
0.202, 0.068, 0.061, 0.059, 0.039, 0.106
0.223, 0.045, 0.044, 0.029, 0.025, 0.057
0.171, 0.04, 0.044, 0.023, 0.021, 0.045
0.177, 0.038, 0.064, 0.02, 0.022, 0.049
0.184, 0.038, 0.044, 0.018, 0.022, 0.044
0.175, 0.037, 0.04, 0.016, 0.021, 0.043
0.17, 0.037, 0.044, 0.016, 0.018, 0.04
0.183, 0.042, 0.044, 0.023, 0.021, 0.047
0.171, 0.293, 3.118, 0.046, 0.031, 0.076
0.247, 0.072, 0.063, 0.042, 0.041, 0.077
0.214, 0.042, 0.051, 0.014, 0.022, 0.06
0.158, 0.039, 0.048, 0.015, 0.018, 0.051
0.182, 0.041, 0.056, 0.018, 0.021, 0.049
0.16, 0.044, 0.059, 0.02, 0.021, 0.048
0.347, 0.045, 0.044, 0.02, 0.021, 0.044
0.307, 0.068, 0.101, 0.052, 0.028, 0.094
0.294, 0.047, 0.058, 0.017, 0.021, 0.044
0.254, 0.061, 0.057, 0.021, 0.02, 0.044
0.26, 0.052, 0.064, 0.017, 0.021, 0.039
0.249, 0.054, 0.058, 0.02, 0.02, 0.042
0.278, 0.05, 0.059, 0.019, 0.021, 0.047
0.143, 0.056, 0.059, 0.022, 0.02, 0.041
0.188, 0.105, 0.121, 0.023, 0.021, 0.048
0.154, 0.058, 0.065, 0.016, 0.019, 0.041
0.158, 0.061, 0.069, 0.032, 0.022, 0.052
0.211, 0.053, 0.064, 0.024, 0.02, 0.046
0.197, 0.054, 0.059, 0.02, 0.019, 0.043
0.196, 0.047, 0.054, 0.019, 0.019, 0.043
0.172, 0.05, 0.058, 0.017, 0.019, 0.039
0.198, 0.068, 0.082, 0.017, 0.022, 0.042
0.203, 0.038, 0.043, 0.015, 0.02, 0.04
0.193, 0.048, 0.057, 0.028, 0.021, 0.05
0.185, 0.043, 0.047, 0.022, 0.021, 0.047
0.236, 0.041, 0.043, 0.02, 0.023, 0.044
0.191, 0.107, 0.069, 0.017, 0.022, 0.049
0.166, 0.039, 0.044, 0.017, 0.022, 0.045
0.175, 0.039, 0.047, 0.016, 0.021, 0.044
0.152, 0.051, 0.046, 0.017, 0.018, 0.042
0.161, 0.05, 0.046, 0.015, 0.02, 0.043
0.237, 0.04, 0.046, 0.014, 0.02, 0.041
0.184, 0.042, 0.046, 0.016, 0.018, 0.038
0.238, 0.059, 0.067, 0.021, 0.02, 0.043
0.197, 0.046, 0.055, 0.018, 0.022, 0.043
0.286, 0.063, 0.056, 0.016, 0.021, 0.042
0.236, 0.059, 0.055, 0.016, 0.019, 0.042
0.247, 0.101, 0.121, 0.016, 0.019, 0.038
0.211, 0.069, 0.107, 0.045, 0.024, 0.062
0.217, 0.04, 0.049, 0.032, 0.024, 0.056
0.207, 0.123, 0.051, 0.039, 0.025, 0.056
0.227, 0.037, 0.05, 0.03, 0.028, 0.062
0.241, 0.062, 0.103, 0.022, 0.022, 0.05
0.233, 0.05, 0.072, 0.023, 0.02, 0.049
0.222, 0.065, 0.11, 0.019, 0.02, 0.043
0.305, 0.05, 0.086, 0.016, 0.02, 0.042
0.234, 0.046, 0.065, 0.012, 0.022, 0.039
0.232, 0.064, 0.065, 0.016, 0.031, 0.04
0.233, 0.046, 0.075, 0.014, 0.02, 0.04
0.196, 0.055, 0.064, 0.018, 0.019, 0.042
0.214, 0.113, 0.059, 0.081, 0.045, 0.128
0.187, 0.03, 0.039, 0.012, 0.022, 0.036
0.208, 0.037, 0.035, 0.015, 0.019, 0.041
0.185, 0.048, 0.038, 0.015, 0.017, 0.036
0.241, 0.261, 0.043, 0.013, 0.021, 0.051
0.227, 0.057, 0.059, 0.039, 0.024, 0.056
0.222, 0.054, 0.064, 0.015, 0.019, 0.039
0.238, 0.048, 0.061, 0.015, 0.021, 0.055
0.242, 0.062, 0.113, 0.038, 0.03, 0.072
0.236, 0.083, 0.045, 0.041, 0.026, 0.069
0.226, 0.033, 0.049, 0.022, 0.019, 0.058
0.244, 0.038, 0.036, 0.022, 0.02, 0.051
0.239, 0.065, 0.077, 0.048, 0.029, 0.068
0.224, 0.054, 0.061, 0.027, 0.022, 0.052
0.248, 0.057, 0.064, 0.017, 0.022, 0.042
0.268, 0.062, 0.073, 0.022, 0.025, 0.051
0.222, 0.061, 0.067, 0.029, 0.023, 0.054
0.255, 0.098, 0.114, 0.02, 0.019, 0.053
0.212, 0.096, 0.117, 0.016, 0.019, 0.037
0.178, 0.063, 0.068, 0.039, 0.025, 0.062
0.206, 0.055, 0.065, 0.025, 0.02, 0.045
0.159, 0.055, 0.066, 0.023, 0.025, 0.053
0.294, 0.065, 0.091, 0.018, 0.024, 0.048
0.198, 0.052, 0.062, 0.017, 0.018, 0.05
0.165, 0.06, 0.06, 0.037, 0.021, 0.058
0.214, 0.092, 0.095, 0.018, 0.022, 0.047
0.176, 0.056, 0.079, 0.019, 0.023, 0.044
0.385, 0.048, 0.06, 0.014, 0.021, 0.042
0.199, 0.044, 0.058, 0.016, 0.023, 0.043
0.187, 0.051, 0.06, 0.022, 0.021, 0.043
0.269, 0.053, 0.063, 0.02, 0.023, 0.047
0.199, 0.068, 0.065, 0.024, 0.023, 0.057
0.182, 0.065, 0.063, 0.026, 0.021, 0.053
0.195, 0.054, 0.062, 0.026, 0.021, 0.047
0.241, 0.074, 0.094, 0.027, 0.021, 0.05
0.184, 0.053, 0.067, 0.028, 0.021, 0.046
0.184, 0.054, 0.053, 0.018, 0.021, 0.045
0.364, 0.056, 0.067, 0.027, 0.023, 0.058
0.187, 0.05, 0.05, 0.019, 0.022, 0.06
0.193, 0.045, 0.051, 0.018, 0.029, 0.04
0.205, 0.07, 0.052, 0.068, 0.032, 0.075
0.187, 0.074, 0.069, 0.042, 0.028, 0.073
0.175, 0.06, 0.059, 0.039, 0.022, 0.064
0.196, 0.051, 0.027, 0.034, 0.027, 0.055
0.159, 0.035, 0.037, 0.036, 0.022, 0.059
0.201, 0.046, 0.033, 0.032, 0.022, 0.054
0.242, 0.051, 0.025, 0.036, 0.029, 0.067
0.181, 0.044, 0.038, 0.041, 0.025, 0.066
0.239, 0.047, 0.062, 0.032, 0.024, 0.06
0.166, 0.053, 0.042, 0.035, 0.023, 0.056
0.182, 0.036, 0.038, 0.03, 0.023, 0.053
