1.71666e+12, 0.091, 0.119, 0.021, 0.13, 0.053
1.71666e+12, 6.145, 7.985, 0.039, 0.159, 0.09
1.71666e+12, 3.874, 7.987, 0.038, 0.123, 0.075
0.271, 0.074, 0.069, 0.011, 0.048, 0.131
0.198, 0.046, 0.016, 0.008, 0.09, 0.102
0.182, 0.03, 0.026, 0.011, 0.06, 0.031
0.165, 0.05, 0.016, 0.031, 0.087, 0.066
0.193, 0.047, 0.019, 0.015, 0.068, 0.047
0.188, 0.034, 0.013, 0.013, 0.064, 0.057
0.181, 0.055, 0.023, 0.014, 0.069, 0.041
0.173, 0.03, 0.055, 0.022, 0.075, 0.035
0.176, 0.03, 0.032, 0.015, 0.053, 0.042
0.224, 0.025, 0.045, 0.014, 0.052, 0.032
0.181, 0.024, 0.041, 0.012, 0.058, 0.047
0.175, 0.031, 0.04, 0.027, 0.063, 0.038
0.19, 0.035, 0.045, 0.024, 0.057, 0.032
0.205, 0.033, 0.046, 0.042, 0.066, 0.035
0.191, 0.031, 0.037, 0.033, 0.065, 0.036
0.184, 0.03, 0.032, 0.032, 0.054, 0.031
0.205, 0.033, 0.044, 0.014, 0.055, 0.037
0.207, 0.03, 0.038, 0.018, 0.055, 0.038
0.189, 0.034, 0.031, 0.011, 0.065, 0.036
0.187, 0.042, 0.034, 0.016, 0.069, 0.041
0.185, 0.047, 0.036, 0.013, 0.058, 0.031
0.166, 0.047, 0.034, 0.013, 0.061, 0.033
0.217, 0.047, 0.049, 0.048, 0.068, 0.038
0.223, 0.068, 0.085, 0.048, 0.099, 0.047
0.223, 0.05, 0.056, 0.017, 0.09, 0.04
0.229, 0.05, 0.054, 0.016, 0.069, 0.036
0.224, 0.048, 0.057, 0.016, 0.071, 0.041
0.191, 0.05, 0.056, 0.024, 0.073, 0.037
0.183, 0.379, 0.063, 0.017, 0.069, 0.031
0.196, 0.046, 0.056, 0.014, 0.065, 0.035
0.25, 0.05, 0.055, 0.012, 0.064, 0.033
0.252, 0.046, 0.056, 0.01, 0.06, 0.039
0.225, 0.046, 0.057, 0.016, 0.077, 0.035
0.214, 0.044, 0.069, 0.016, 0.063, 0.039
0.281, 0.049, 0.057, 0.013, 0.067, 0.049
0.3, 0.056, 0.065, 0.01, 0.066, 0.039
0.315, 0.044, 0.069, 0.036, 0.062, 0.035
0.204, 0.054, 0.049, 0.014, 0.056, 0.038
0.251, 0.049, 0.058, 0.013, 0.051, 0.038
0.205, 0.038, 0.044, 0.01, 0.05, 0.03
0.201, 0.052, 0.047, 0.009, 0.049, 0.031
0.219, 0.058, 0.05, 0.01, 0.049, 0.034
0.241, 0.168, 0.056, 0.021, 0.064, 0.042
0.218, 0.035, 0.065, 0.013, 0.055, 0.041
0.211, 0.064, 0.061, 0.048, 0.108, 0.071
0.312, 0.047, 0.071, 0.035, 0.065, 0.04
0.257, 0.043, 0.043, 0.016, 0.055, 0.038
0.219, 0.039, 0.068, 0.015, 0.057, 0.041
0.189, 0.036, 0.057, 0.012, 0.051, 0.033
0.208, 0.035, 0.371, 0.026, 0.083, 0.042
0.215, 0.041, 0.048, 0.029, 0.067, 0.041
0.183, 0.032, 0.039, 0.012, 0.045, 0.031
0.194, 0.036, 0.041, 0.009, 0.046, 0.031
0.201, 0.032, 0.042, 0.011, 0.057, 0.043
0.178, 0.04, 0.045, 0.019, 0.057, 0.04
0.188, 0.04, 0.047, 0.017, 0.066, 0.037
0.209, 0.049, 0.06, 0.04, 0.092, 0.06
0.189, 0.041, 0.048, 0.014, 0.056, 0.041
0.217, 0.043, 0.044, 0.015, 0.063, 0.052
0.214, 0.052, 0.059, 0.013, 0.056, 0.048
0.206, 0.042, 0.048, 0.011, 0.057, 0.042
0.261, 0.079, 0.041, 0.037, 0.066, 0.054
0.216, 0.05, 0.048, 0.035, 0.078, 0.08
0.216, 0.049, 0.05, 0.035, 0.058, 0.041
0.291, 0.053, 0.051, 0.027, 0.061, 0.044
0.223, 0.035, 0.062, 0.034, 0.06, 0.044
0.205, 0.023, 0.026, 0.009, 0.091, 0.138
0.186, 0.045, 0.055, 0.013, 0.064, 0.057
0.184, 0.028, 0.03, 0.012, 0.058, 0.051
0.303, 0.034, 0.028, 0.012, 0.062, 0.051
0.214, 0.035, 0.034, 0.013, 0.062, 0.055
0.215, 0.03, 0.032, 0.014, 0.057, 0.044
0.203, 0.044, 0.033, 0.012, 0.061, 0.044
0.213, 0.032, 0.032, 0.01, 0.057, 0.051
0.214, 0.064, 0.052, 0.032, 0.108, 0.049
0.183, 0.066, 0.063, 0.026, 0.062, 0.049
0.192, 0.052, 0.04, 0.016, 0.072, 0.046
0.182, 0.032, 0.036, 0.013, 0.058, 0.051
0.224, 0.049, 0.05, 0.012, 0.065, 0.065
0.224, 0.051, 0.041, 0.015, 0.115, 0.151
0.242, 0.031, 0.044, 0.011, 0.065, 0.072
0.198, 0.067, 0.059, 0.033, 0.126, 0.166
0.224, 0.057, 0.047, 0.034, 0.086, 0.062
0.186, 0.067, 0.046, 0.024, 0.068, 0.053
0.187, 0.346, 0.05, 0.04, 0.091, 0.053
0.188, 0.169, 0.076, 0.042, 0.098, 0.073
0.2, 0.078, 0.217, 0.08, 0.112, 0.115
0.215, 0.074, 0.067, 0.024, 0.084, 0.047
0.184, 0.072, 0.066, 0.026, 0.087, 0.03
0.204, 0.079, 0.065, 0.025, 0.083, 0.043
0.269, 0.057, 0.059, 0.018, 0.066, 0.037
0.181, 0.043, 0.042, 0.035, 0.087, 0.103
0.223, 0.041, 0.043, 0.023, 0.076, 0.071
0.177, 0.037, 0.041, 0.02, 0.058, 0.045
0.216, 0.041, 0.048, 0.017, 0.055, 0.039
0.201, 0.032, 0.041, 0.014, 0.054, 0.04
0.197, 0.034, 0.033, 0.013, 0.053, 0.041
0.183, 0.045, 0.048, 0.016, 0.053, 0.037
0.2, 0.037, 0.043, 0.011, 0.048, 0.04
0.219, 0.038, 0.073, 0.014, 0.059, 0.037
0.229, 0.057, 0.04, 0.052, 0.078, 0.04
0.25, 0.033, 0.033, 0.023, 0.065, 0.039
0.275, 3.66, 7.992, 0.037, 0.109, 0.111
0.31, 0.046, 0.053, 0.029, 0.076, 0.044
0.187, 0.024, 0.029, 0.016, 0.056, 0.041
0.256, 0.035, 0.034, 0.021, 0.104, 0.138
0.23, 0.063, 0.063, 0.046, 0.094, 0.044
0.217, 0.049, 0.047, 0.034, 0.1, 0.077
0.256, 4.486, 0.079, 0.062, 0.119, 0.081
0.249, 0.077, 0.073, 0.042, 0.112, 0.077
0.245, 0.059, 0.06, 0.028, 0.098, 0.07
0.225, 0.052, 0.06, 0.022, 0.081, 0.038
0.216, 0.335, 0.072, 0.019, 0.075, 0.054
0.259, 0.066, 0.061, 0.045, 0.109, 0.05
0.237, 0.049, 0.056, 0.018, 0.072, 0.029
0.239, 0.067, 0.081, 0.032, 0.096, 0.04
0.28, 0.057, 0.059, 0.033, 0.087, 0.05
0.229, 0.88, 0.224, 0.033, 0.102, 0.056
0.265, 0.045, 0.052, 0.018, 0.09, 0.049
0.196, 0.041, 0.05, 0.02, 0.08, 0.061
0.202, 0.041, 0.045, 0.015, 0.068, 0.054
0.242, 0.114, 0.056, 0.026, 0.09, 0.072
0.216, 0.046, 0.048, 0.022, 0.077, 0.055
0.213, 0.05, 0.046, 0.027, 0.078, 0.052
0.253, 0.078, 0.07, 0.051, 0.127, 0.066
0.216, 0.069, 0.059, 0.037, 0.099, 0.058
0.239, 0.064, 0.079, 0.039, 0.1, 0.056
0.197, 0.051, 0.055, 0.029, 0.098, 0.052
0.249, 0.062, 0.057, 0.025, 0.09, 0.062
0.244, 0.065, 0.061, 0.043, 0.11, 0.063
0.228, 0.06, 0.059, 0.036, 0.1, 0.062
0.265, 0.076, 0.058, 0.035, 0.104, 0.062
0.274, 0.051, 0.056, 0.025, 0.089, 0.057
0.283, 4.286, 3.969, 0.042, 0.121, 0.076
0.236, 2.196, 3.981, 0.036, 0.138, 0.077
0.204, 0.059, 0.059, 0.058, 0.115, 0.07
0.287, 0.059, 0.058, 0.042, 0.116, 0.048
0.253, 3.969, 3.986, 0.044, 0.109, 0.064
0.184, 2.047, 4.15, 0.047, 0.099, 0.041
0.288, 0.066, 0.057, 0.044, 7.558, 0.107
0.243, 0.043, 0.059, 0.033, 0.087, 0.108
0.23, 0.038, 0.042, 0.016, 0.101, 0.145
0.402, 0.053, 0.043, 0.026, 0.075, 0.077
0.277, 0.034, 0.039, 0.021, 0.072, 0.048
0.212, 0.043, 0.043, 0.021, 0.078, 0.048
0.229, 0.069, 0.085, 0.046, 0.141, 0.117
0.274, 0.049, 0.052, 0.021, 0.073, 0.036
0.219, 0.049, 0.057, 0.021, 0.075, 0.041
0.21, 0.054, 0.053, 0.02, 0.071, 0.038
0.228, 2.586, 7.971, 0.051, 0.108, 0.053
0.226, 8.503, 7.985, 0.05, 0.114, 0.056
0.275, 2.393, 7.979, 0.037, 0.104, 0.049
0.264, 0.189, 7.963, 0.043, 0.111, 0.051
0.264, 6.029, 7.971, 0.05, 0.118, 0.054
0.212, 3.982, 7.978, 0.044, 0.115, 0.051
0.26, 1.84, 7.975, 0.043, 0.121, 0.08
0.192, 3.83, 7.982, 0.046, 0.107, 0.043
0.217, 9.757, 7.98, 0.048, 0.13, 0.058
0.214, 0.053, 0.059, 0.03, 0.091, 0.043
0.245, 0.053, 0.058, 0.029, 0.082, 0.037
0.226, 0.047, 0.059, 0.018, 0.076, 0.044
0.237, 0.046, 0.059, 0.013, 0.063, 0.038
0.217, 0.045, 0.059, 0.013, 0.069, 0.037
0.29, 0.053, 0.065, 0.013, 0.066, 0.047
0.219, 0.047, 0.059, 0.023, 0.073, 0.036
0.19, 0.044, 0.052, 0.015, 0.065, 0.035
0.204, 0.046, 0.061, 0.013, 0.067, 0.047
0.225, 0.049, 0.062, 0.012, 0.136, 0.046
0.236, 0.049, 0.045, 0.035, 0.064, 0.048
0.193, 0.049, 0.044, 0.033, 0.074, 0.056
0.215, 0.041, 0.04, 0.032, 0.121, 0.147
0.347, 0.045, 0.04, 0.034, 0.136, 0.159
0.197, 0.037, 0.039, 0.028, 0.084, 0.084
0.269, 0.045, 0.057, 0.03, 0.096, 0.083
0.307, 0.063, 0.062, 0.049, 0.148, 0.14
0.256, 0.068, 0.059, 0.036, 0.084, 0.045
0.237, 0.051, 0.056, 0.028, 0.117, 0.084
0.243, 0.045, 0.054, 0.017, 0.065, 0.032
0.213, 0.043, 0.057, 0.015, 0.062, 0.035
0.234, 0.046, 0.056, 0.017, 0.068, 0.036
0.199, 0.055, 0.057, 0.029, 0.085, 0.044
0.214, 0.042, 0.064, 0.025, 0.09, 0.034
0.291, 0.052, 0.057, 0.015, 0.066, 0.034
0.313, 0.052, 0.061, 0.013, 0.067, 0.034
0.23, 0.049, 0.058, 0.015, 0.067, 0.035
0.238, 0.065, 0.062, 0.038, 0.111, 0.04
0.204, 0.056, 0.058, 0.03, 0.082, 0.035
0.211, 0.06, 0.059, 0.028, 0.09, 0.037
0.213, 0.051, 0.053, 0.018, 0.069, 0.032
0.277, 0.052, 0.054, 0.016, 0.065, 0.035
0.207, 0.053, 0.063, 0.022, 0.069, 0.036
0.323, 7.168, 7.987, 0.042, 0.106, 0.052
0.294, 0.064, 0.064, 0.041, 0.08, 0.044
0.215, 0.05, 0.07, 0.02, 0.07, 0.036
0.302, 0.049, 0.032, 0.034, 0.092, 0.098
0.211, 0.028, 0.05, 0.014, 0.067, 0.053
0.213, 0.024, 0.027, 0.018, 0.069, 0.056
0.201, 0.031, 0.028, 0.016, 0.059, 0.045
0.202, 0.048, 0.033, 0.011, 0.055, 0.036
0.211, 0.038, 0.03, 0.01, 0.057, 0.041
0.254, 0.028, 0.057, 0.011, 0.054, 0.036
0.191, 0.03, 0.04, 0.019, 0.104, 0.136
0.201, 0.05, 0.036, 0.016, 0.085, 0.09
0.185, 0.044, 0.037, 0.012, 0.052, 0.032
0.189, 0.032, 0.032, 0.009, 0.051, 0.033
0.215, 0.029, 0.056, 0.011, 0.094, 0.129
0.233, 0.041, 0.03, 0.009, 0.058, 0.039
0.208, 0.044, 0.032, 0.014, 0.061, 0.036
0.241, 0.031, 0.032, 0.011, 0.057, 0.042
0.221, 0.029, 0.025, 0.01, 0.069, 0.079
0.191, 0.044, 0.033, 0.01, 0.056, 0.039
0.176, 0.026, 0.027, 0.009, 0.054, 0.038
0.192, 0.046, 0.034, 0.012, 0.058, 0.037
0.205, 0.036, 0.033, 0.015, 0.053, 0.033
0.192, 0.033, 0.033, 0.017, 0.058, 0.036
0.226, 0.049, 0.036, 0.018, 0.068, 0.065
0.224, 0.047, 0.039, 0.018, 0.059, 0.048
0.168, 0.05, 0.099, 0.012, 0.067, 0.035
0.249, 0.042, 0.049, 0.019, 0.06, 0.043
0.216, 0.034, 0.041, 0.017, 0.069, 0.043
0.285, 0.035, 0.045, 0.014, 0.056, 0.041
0.318, 0.057, 0.049, 0.014, 0.057, 0.048
0.213, 0.05, 0.043, 0.013, 0.088, 0.115
0.199, 0.038, 0.043, 0.017, 0.069, 0.066
0.19, 0.045, 0.042, 0.013, 0.066, 0.034
0.305, 0.045, 0.042, 0.011, 0.053, 0.03
0.219, 0.044, 0.043, 0.012, 0.073, 0.101
0.208, 0.045, 0.04, 0.014, 0.061, 0.041
0.197, 0.042, 0.057, 0.016, 0.064, 0.037
0.196, 0.038, 0.042, 0.016, 0.072, 0.042
0.184, 0.034, 0.041, 0.016, 0.059, 0.043
0.322, 0.048, 0.052, 0.026, 0.074, 0.07
0.272, 0.06, 0.085, 0.036, 0.086, 0.038
0.226, 0.033, 0.035, 0.021, 0.064, 0.034
0.188, 0.052, 0.038, 0.026, 0.069, 0.036
0.205, 0.044, 0.038, 0.024, 0.071, 0.034
0.288, 0.054, 0.087, 0.029, 0.074, 0.043
0.32, 0.04, 0.048, 0.024, 0.091, 0.099
0.207, 0.047, 0.048, 0.017, 0.056, 0.033
0.194, 0.051, 0.051, 0.024, 0.094, 0.105
0.237, 0.037, 0.048, 0.016, 0.069, 0.047
0.192, 0.047, 0.048, 0.02, 0.107, 0.147
0.221, 3.874, 0.059, 0.024, 0.086, 0.049
0.222, 0.032, 0.042, 0.015, 0.059, 0.044
0.202, 0.037, 0.042, 0.014, 0.06, 0.041
0.274, 0.85, 0.053, 0.014, 0.065, 0.055
0.198, 0.039, 0.052, 0.024, 0.079, 0.038
0.229, 0.081, 0.086, 0.034, 0.082, 0.066
0.2, 0.038, 0.049, 0.015, 0.065, 0.039
0.22, 0.071, 0.262, 0.017, 0.065, 0.041
0.23, 0.101, 0.115, 0.02, 0.068, 0.041
0.195, 0.032, 0.055, 0.011, 0.054, 0.034
0.2, 0.043, 0.035, 0.012, 0.056, 0.041
0.186, 0.038, 0.032, 0.012, 0.06, 0.041
0.194, 0.03, 0.027, 0.012, 0.083, 0.083
0.181, 0.032, 0.034, 0.016, 0.057, 0.038
0.172, 0.024, 0.027, 0.01, 0.05, 0.037
0.215, 0.039, 0.031, 0.011, 0.079, 0.069
0.201, 0.05, 0.037, 0.015, 0.075, 0.057
0.195, 0.045, 0.036, 0.015, 0.057, 0.051
0.196, 0.045, 0.037, 0.014, 0.058, 0.05
0.186, 0.03, 0.032, 0.011, 0.056, 0.045
0.265, 0.035, 0.032, 0.013, 0.056, 0.045
0.204, 0.034, 0.039, 0.014, 0.06, 0.048
0.219, 0.061, 0.042, 0.03, 0.071, 0.044
0.194, 0.057, 0.047, 0.025, 0.072, 0.064
0.203, 0.052, 0.039, 0.023, 0.07, 0.055
0.336, 0.673, 0.043, 0.027, 0.066, 0.045
0.294, 0.039, 0.037, 0.025, 0.062, 0.044
0.222, 0.039, 0.036, 0.017, 0.052, 0.039
0.262, 0.06, 0.042, 0.023, 0.063, 0.062
0.23, 0.035, 0.035, 0.014, 0.065, 0.04
0.235, 0.033, 0.036, 0.026, 0.058, 0.04
0.224, 0.054, 0.041, 0.021, 0.069, 0.054
0.206, 0.076, 0.055, 0.031, 0.074, 0.062
0.209, 0.079, 0.017, 0.033, 0.075, 0.063
0.199, 0.066, 0.026, 0.027, 0.071, 0.058
0.25, 0.151, 0.031, 0.029, 0.078, 0.054
0.205, 0.074, 0.031, 0.034, 0.08, 0.065
0.205, 0.047, 0.023, 0.014, 0.053, 0.039
0.257, 0.043, 0.018, 0.011, 0.058, 0.037
0.22, 0.048, 0.015, 0.013, 0.057, 0.038
0.247, 0.043, 0.013, 0.011, 0.053, 0.035
0.233, 0.05, 0.015, 0.014, 0.078, 0.04
0.209, 0.043, 0.015, 0.026, 0.091, 0.111
0.219, 0.043, 0.021, 0.012, 0.107, 0.156
0.215, 0.043, 0.014, 0.013, 0.062, 0.069
0.201, 0.052, 0.015, 0.015, 0.086, 0.117
0.25, 0.127, 0.046, 0.013, 0.062, 0.042
0.224, 0.064, 0.032, 0.014, 0.063, 0.057
0.201, 0.055, 0.035, 0.011, 0.059, 0.044
0.251, 0.063, 0.04, 0.03, 0.068, 0.04
0.219, 0.065, 0.033, 0.02, 0.074, 0.075
0.197, 0.076, 0.04, 0.02, 0.059, 0.046
0.261, 0.173, 0.069, 0.035, 0.076, 0.056
0.174, 0.094, 0.049, 0.024, 0.082, 0.059
0.223, 0.088, 0.047, 0.024, 0.097, 0.102
0.208, 0.069, 0.047, 0.024, 0.063, 0.038
1.955, 0.115, 0.031, 0.028, 0.097, 0.044
0.17, 0.075, 0.026, 0.02, 0.07, 0.037
0.27, 0.067, 0.016, 0.025, 0.063, 0.041
0.267, 0.064, 0.024, 0.022, 0.107, 0.147
0.217, 0.07, 0.015, 0.024, 0.074, 0.039
0.175, 0.058, 0.022, 0.016, 0.053, 0.033
0.193, 0.064, 0.017, 0.016, 0.103, 0.254
0.24, 0.065, 0.012, 0.026, 0.094, 0.096
0.269, 0.042, 0.009, 0.028, 0.062, 0.035
0.213, 0.1, 0.035, 0.046, 0.108, 0.039
0.223, 0.089, 0.03, 0.05, 0.264, 0.144
0.212, 0.06, 0.025, 0.042, 0.08, 0.052
0.233, 0.07, 0.043, 0.011, 0.071, 0.056
0.187, 0.062, 0.039, 0.014, 0.066, 0.037
0.186, 0.058, 0.037, 0.011, 0.059, 0.034
0.213, 0.057, 0.036, 0.012, 0.093, 0.111
0.183, 0.056, 0.037, 0.01, 0.066, 0.058
0.235, 0.065, 0.039, 0.012, 0.059, 0.036
0.208, 0.065, 0.039, 0.012, 0.06, 0.028
0.211, 0.065, 0.041, 0.015, 0.065, 0.034
0.215, 0.068, 0.046, 0.015, 0.06, 0.033
0.195, 0.071, 0.372, 0.014, 0.073, 0.034
0.202, 0.063, 0.043, 0.016, 0.065, 0.037
0.209, 0.063, 0.041, 0.013, 0.075, 0.037
0.178, 0.054, 0.037, 0.014, 0.062, 0.032
0.211, 0.058, 0.039, 0.011, 0.069, 0.035
0.173, 0.056, 0.038, 0.011, 0.054, 0.028
0.163, 0.053, 0.037, 0.012, 0.07, 0.029
0.228, 0.063, 0.039, 0.013, 0.1, 0.145
0.189, 0.073, 0.036, 0.016, 0.084, 0.092
0.205, 0.063, 0.02, 0.035, 0.088, 0.09
0.229, 0.064, 0.019, 0.024, 0.069, 0.044
0.242, 0.083, 0.027, 0.04, 0.12, 0.108
0.205, 0.072, 0.045, 0.016, 0.115, 0.082
0.166, 0.07, 0.043, 0.019, 0.069, 0.032
0.19, 0.097, 0.05, 0.016, 0.136, 0.163
0.266, 0.069, 0.045, 0.021, 0.085, 0.064
0.222, 0.06, 0.041, 0.013, 0.081, 0.107
0.227, 0.065, 0.04, 0.01, 0.093, 0.064
0.184, 0.065, 0.039, 0.011, 0.107, 0.036
0.187, 0.092, 0.048, 0.012, 0.072, 0.045
0.257, 0.107, 0.059, 0.012, 0.084, 0.047
0.187, 0.076, 0.048, 0.019, 0.069, 0.031
0.211, 0.086, 0.032, 0.011, 0.066, 0.037
0.238, 0.077, 0.047, 0.017, 0.087, 0.036
0.301, 0.073, 0.047, 0.011, 0.065, 0.037
0.29, 0.074, 0.05, 0.014, 0.071, 0.039
0.403, 0.078, 0.042, 0.015, 0.066, 0.034
0.304, 0.078, 0.06, 0.015, 0.065, 0.031
0.232, 0.086, 0.051, 0.023, 0.083, 0.036
0.201, 0.074, 0.043, 0.026, 0.079, 0.031
0.224, 0.075, 0.043, 0.025, 0.08, 0.034
0.211, 0.065, 0.041, 0.017, 0.065, 0.033
0.214, 0.072, 0.043, 0.02, 0.07, 0.03
0.229, 0.073, 0.042, 0.019, 0.072, 0.036
0.279, 0.073, 0.042, 0.025, 0.078, 0.03
0.21, 0.094, 0.022, 0.042, 0.096, 0.028
0.191, 0.083, 0.023, 0.029, 0.064, 0.031
0.203, 0.06, 0.022, 0.027, 0.07, 0.028
0.202, 0.09, 0.019, 0.049, 0.069, 0.032
0.19, 0.049, 0.022, 0.011, 0.05, 0.031
0.207, 0.05, 0.01, 0.01, 0.048, 0.028
0.228, 0.051, 0.021, 0.016, 0.087, 0.108
0.236, 0.048, 0.02, 0.015, 0.055, 0.031
0.221, 0.054, 0.022, 0.017, 0.056, 0.034
0.241, 0.059, 0.012, 0.022, 0.061, 0.042
0.219, 0.065, 0.01, 0.013, 0.062, 0.036
0.237, 0.057, 0.017, 0.016, 0.055, 0.033
0.202, 0.075, 0.044, 0.017, 0.055, 0.031
0.21, 0.074, 0.017, 0.031, 0.085, 0.11
0.22, 0.085, 0.036, 0.033, 0.071, 0.055
0.177, 0.046, 0.021, 0.014, 0.115, 0.184
0.205, 0.048, 0.015, 0.014, 0.068, 0.062
0.196, 2.015, 0.025, 0.037, 0.107, 0.105
0.408, 0.057, 0.023, 0.036, 0.079, 0.049
0.202, 0.055, 0.021, 0.022, 0.093, 0.111
0.177, 0.047, 0.018, 0.018, 0.126, 0.148
0.46, 0.042, 0.023, 0.018, 0.099, 0.079
0.266, 0.051, 0.019, 0.017, 0.074, 0.068
0.196, 0.063, 0.026, 0.016, 0.11, 0.15
0.226, 0.092, 0.031, 0.04, 0.079, 0.046
0.171, 0.063, 0.023, 0.037, 0.067, 0.043
0.194, 0.06, 0.028, 0.021, 0.068, 0.051
0.183, 0.064, 0.029, 0.02, 0.073, 0.037
0.197, 0.041, 0.021, 0.017, 0.056, 0.032
0.223, 0.053, 0.024, 0.018, 0.065, 0.051
0.173, 0.043, 0.022, 0.017, 0.104, 0.135
0.272, 0.053, 0.024, 0.02, 0.059, 0.038
0.196, 0.06, 0.027, 0.03, 0.067, 0.048
0.189, 0.082, 0.044, 0.02, 0.064, 0.056
0.188, 0.055, 0.033, 0.019, 0.06, 0.035
0.181, 0.044, 0.052, 0.02, 0.063, 0.032
0.172, 0.047, 0.051, 0.032, 0.071, 0.033
0.204, 0.063, 0.022, 0.019, 0.06, 0.039
0.243, 0.051, 0.031, 0.022, 0.048, 0.036
0.177, 0.055, 0.033, 0.016, 0.071, 0.036
0.209, 0.115, 0.119, 0.024, 0.08, 0.085
0.171, 0.034, 0.056, 0.015, 0.11, 0.158
0.175, 0.036, 0.048, 0.019, 0.055, 0.042
0.17, 0.033, 0.047, 0.018, 0.056, 0.036
0.213, 0.04, 0.055, 0.024, 0.088, 0.079
0.216, 0.043, 0.057, 0.032, 0.097, 0.106
0.199, 0.041, 0.054, 0.038, 0.063, 0.039
0.19, 0.056, 0.05, 0.027, 0.071, 0.038
0.175, 0.062, 0.073, 0.045, 0.064, 0.034
0.172, 0.05, 0.062, 0.012, 0.074, 0.038
0.705, 0.667, 0.087, 0.044, 0.111, 0.115
0.174, 0.054, 0.056, 0.022, 0.066, 0.06
0.256, 0.066, 0.067, 0.043, 0.104, 0.086
0.179, 0.049, 0.054, 0.034, 0.063, 0.044
0.182, 0.094, 0.025, 0.048, 0.083, 0.038
0.182, 0.03, 0.035, 0.013, 0.059, 0.055
0.184, 0.026, 0.035, 0.017, 0.061, 0.051
0.174, 0.034, 0.026, 0.018, 0.06, 0.037
0.183, 0.044, 0.056, 0.012, 0.076, 0.034
0.219, 0.052, 0.022, 0.013, 0.077, 0.084
0.212, 0.047, 0.011, 0.013, 0.085, 0.052
0.18, 0.031, 0.032, 0.019, 0.055, 0.05
0.188, 0.055, 0.014, 0.01, 0.08, 0.065
0.179, 0.25, 0.049, 0.01, 0.062, 0.042
0.189, 0.079, 0.021, 0.013, 0.061, 0.062
0.176, 0.039, 0.045, 0.011, 0.054, 0.041
0.227, 0.04, 0.051, 0.019, 0.07, 0.068
0.19, 0.035, 0.047, 0.011, 0.061, 0.044
0.186, 0.065, 0.016, 0.01, 0.063, 0.063
0.186, 0.052, 0.049, 0.011, 0.06, 0.039
0.176, 0.072, 0.068, 0.048, 0.087, 0.072
0.183, 0.077, 0.027, 0.033, 0.078, 0.079
0.198, 0.074, 0.07, 0.035, 0.094, 0.09
0.182, 0.083, 0.058, 0.028, 0.072, 0.067
0.223, 0.129, 0.055, 0.023, 0.067, 0.062
0.219, 0.103, 0.052, 0.033, 0.078, 0.059
0.194, 0.049, 0.099, 0.01, 0.109, 0.158
0.196, 0.045, 0.263, 0.012, 0.086, 0.036
0.212, 0.092, 0.124, 0.024, 0.07, 0.055
0.197, 0.05, 0.055, 0.018, 0.062, 0.037
0.217, 0.108, 0.136, 0.04, 0.136, 0.141
0.205, 0.091, 0.047, 0.022, 0.076, 0.036
0.228, 0.078, 0.08, 0.05, 0.123, 0.034
0.18, 0.055, 0.056, 0.012, 0.069, 0.033
0.166, 0.053, 0.084, 0.01, 0.062, 0.028
0.172, 0.045, 0.067, 0.015, 0.069, 0.037
0.236, 0.07, 0.03, 0.012, 0.068, 0.041
0.237, 0.065, 0.047, 0.011, 0.111, 0.109
0.19, 0.053, 0.096, 0.015, 0.071, 0.052
0.201, 0.072, 0.087, 0.052, 0.122, 0.116
0.395, 0.08, 0.097, 0.017, 0.068, 0.042
0.18, 0.133, 0.086, 0.014, 0.089, 0.063
0.198, 0.071, 0.057, 0.02, 0.075, 0.039
0.166, 0.049, 0.06, 0.014, 0.091, 0.051
0.171, 0.066, 0.058, 0.02, 0.086, 0.032
0.155, 0.053, 0.059, 0.015, 0.063, 0.042
0.167, 0.055, 0.062, 0.012, 0.064, 0.039
0.179, 0.054, 0.062, 0.015, 0.067, 0.045
0.164, 0.076, 0.065, 0.029, 0.101, 0.096
0.176, 0.062, 0.061, 0.03, 0.081, 0.048
0.171, 0.058, 0.095, 0.019, 0.066, 0.04
0.185, 0.057, 0.079, 0.015, 0.064, 0.041
0.214, 0.096, 0.08, 0.023, 0.089, 0.044
0.198, 0.109, 0.055, 0.045, 0.112, 0.06
0.173, 0.138, 0.047, 0.063, 0.16, 0.074
0.175, 1.192, 0.046, 0.042, 0.107, 0.036
0.172, 0.078, 0.036, 0.038, 0.106, 0.038
0.179, 0.062, 0.022, 0.017, 0.058, 0.031
0.177, 0.052, 0.099, 0.013, 0.068, 0.031
0.182, 0.058, 0.05, 0.039, 0.094, 0.031
0.165, 0.044, 0.046, 0.012, 0.059, 0.032
0.175, 0.044, 0.044, 0.018, 0.063, 0.03
0.202, 0.047, 0.047, 0.015, 0.091, 0.042
0.185, 0.046, 0.046, 0.013, 0.082, 0.034
0.173, 0.043, 0.049, 0.01, 0.054, 0.033
0.172, 0.045, 0.051, 0.01, 0.058, 0.03
0.201, 0.054, 0.017, 0.01, 0.07, 0.036
0.231, 0.044, 0.046, 0.011, 0.055, 0.035
0.211, 0.045, 0.045, 0.011, 0.062, 0.045
0.257, 0.057, 0.053, 0.03, 0.089, 0.033
0.193, 0.044, 0.047, 0.022, 0.058, 0.042
0.174, 0.078, 0.052, 0.034, 0.091, 0.036
0.174, 0.061, 0.024, 0.019, 0.066, 0.037
0.168, 0.043, 0.045, 0.017, 0.06, 0.032
0.178, 0.073, 0.048, 0.018, 0.057, 0.028
0.18, 0.047, 0.049, 0.016, 0.058, 0.036
0.176, 0.055, 0.067, 0.038, 0.078, 0.048
0.161, 0.045, 0.048, 0.02, 0.063, 0.033
0.236, 0.044, 0.105, 0.015, 0.053, 0.03
0.247, 0.06, 0.014, 0.019, 0.067, 0.039
0.217, 0.048, 0.029, 0.011, 0.053, 0.031
0.233, 0.047, 0.045, 0.023, 0.072, 0.043
0.278, 0.065, 0.067, 0.015, 0.062, 0.033
0.204, 0.236, 0.089, 0.032, 0.084, 0.032
0.193, 0.061, 0.049, 0.04, 0.087, 0.034
0.19, 0.043, 0.048, 0.022, 0.064, 0.033
0.184, 0.04, 0.046, 0.01, 0.054, 0.034
0.171, 0.039, 0.047, 0.011, 0.056, 0.033
0.172, 0.038, 0.048, 0.014, 0.366, 0.04
0.204, 0.047, 0.058, 0.016, 0.057, 0.034
0.183, 0.043, 0.048, 0.02, 0.062, 0.033
0.206, 0.06, 0.049, 0.013, 0.06, 0.051
0.171, 0.043, 0.048, 0.011, 0.052, 0.036
0.18, 0.053, 0.031, 0.01, 0.047, 0.03
0.165, 0.04, 0.048, 0.01, 0.056, 0.037
0.182, 0.052, 0.033, 0.011, 0.053, 0.034
0.204, 0.052, 0.036, 0.008, 0.049, 0.032
0.217, 0.04, 0.048, 0.009, 0.053, 0.037
0.172, 0.044, 0.045, 0.012, 0.054, 0.032
0.181, 0.061, 0.052, 0.034, 0.077, 0.043
0.187, 0.043, 0.051, 0.012, 0.056, 0.037
0.207, 0.038, 0.043, 0.012, 0.051, 0.034
0.211, 0.056, 0.034, 0.011, 0.058, 0.037
0.183, 0.046, 0.05, 0.013, 0.101, 0.139
0.227, 0.079, 0.013, 0.05, 0.106, 0.048
0.236, 0.069, 0.13, 0.018, 0.082, 0.047
0.206, 0.069, 0.107, 0.058, 0.103, 0.063
0.23, 0.071, 0.021, 0.034, 0.091, 0.058
0.216, 0.051, 0.058, 0.019, 0.093, 0.082
0.185, 0.037, 0.031, 0.036, 0.073, 0.032
0.276, 0.041, 0.028, 0.019, 0.075, 0.078
0.207, 0.119, 0.021, 0.017, 0.062, 0.052
0.21, 0.046, 0.014, 0.019, 0.07, 0.046
0.197, 0.067, 0.066, 0.049, 0.098, 0.061
0.185, 0.051, 0.063, 0.02, 0.067, 0.033
0.201, 0.058, 0.039, 0.013, 0.064, 0.035
0.18, 0.047, 0.063, 0.012, 0.065, 0.036
0.207, 0.043, 0.041, 0.036, 0.097, 0.117
0.208, 0.073, 0.057, 0.035, 0.128, 0.135
0.181, 0.053, 0.04, 0.025, 0.095, 0.118
0.199, 0.059, 0.042, 0.036, 0.074, 0.07
0.259, 0.061, 0.015, 0.024, 0.071, 0.058
0.193, 0.052, 0.042, 0.023, 0.093, 0.088
0.183, 0.031, 0.036, 0.018, 0.054, 0.031
0.187, 0.075, 0.022, 0.017, 0.06, 0.035
0.199, 0.174, 0.039, 0.037, 0.063, 0.035
0.305, 0.04, 0.041, 0.033, 0.059, 0.035
0.194, 0.035, 0.033, 0.015, 0.062, 0.031
0.215, 0.027, 0.035, 0.023, 0.051, 0.033
0.18, 0.037, 0.026, 0.019, 0.052, 0.035
0.184, 0.03, 0.042, 0.021, 0.054, 0.032
0.19, 0.068, 0.028, 0.034, 0.072, 0.091
0.23, 0.054, 0.026, 0.01, 0.073, 0.084
0.214, 0.059, 0.029, 0.017, 0.071, 0.082
0.191, 0.064, 0.057, 0.04, 0.097, 0.074
0.188, 0.094, 0.041, 0.016, 0.066, 0.046
0.178, 0.061, 0.06, 0.036, 0.094, 0.073
0.174, 0.054, 0.065, 0.036, 0.1, 0.076
0.185, 0.071, 0.043, 0.033, 0.086, 0.075
0.197, 0.084, 0.044, 0.03, 0.074, 0.065
0.249, 0.091, 0.029, 0.042, 0.111, 0.094
0.193, 0.063, 0.057, 0.037, 0.099, 0.085
0.201, 0.06, 0.079, 0.019, 0.058, 0.044
0.194, 0.073, 0.043, 0.023, 0.085, 0.068
0.174, 0.051, 0.043, 0.034, 0.086, 0.092
0.175, 0.052, 0.048, 0.012, 0.058, 0.052
0.182, 0.044, 0.036, 0.012, 0.071, 0.07
0.209, 0.052, 0.047, 0.009, 0.078, 0.071
0.224, 0.057, 0.016, 0.01, 0.075, 0.06
0.175, 0.039, 0.044, 0.008, 0.069, 0.064
0.177, 0.036, 0.042, 0.015, 0.099, 0.143
0.232, 0.052, 0.034, 0.009, 0.058, 0.049
0.258, 0.083, 0.028, 0.043, 0.095, 0.04
0.254, 0.182, 0.044, 0.042, 0.107, 0.038
0.194, 0.106, 0.107, 0.041, 0.069, 0.04
0.22, 0.117, 0.055, 0.015, 0.06, 0.038
0.225, 0.098, 0.113, 0.013, 0.057, 0.039
0.18, 0.05, 0.06, 0.012, 0.062, 0.033
0.19, 0.074, 0.044, 0.017, 0.071, 0.051
0.185, 0.064, 0.07, 2.184, 0.07, 0.055
0.215, 0.068, 0.039, 0.017, 0.067, 0.052
0.245, 0.121, 0.055, 0.009, 0.055, 0.034
0.21, 0.102, 0.048, 0.015, 0.088, 0.105
0.185, 0.102, 0.092, 0.047, 0.148, 0.173
0.204, 0.052, 0.073, 0.014, 0.072, 0.064
0.196, 0.048, 0.052, 0.023, 0.064, 0.065
0.192, 0.067, 0.068, 0.018, 0.111, 0.148
0.176, 0.046, 0.051, 0.013, 0.082, 0.034
0.172, 0.046, 0.056, 0.013, 0.06, 0.045
0.247, 0.075, 0.04, 0.011, 0.062, 0.036
0.181, 0.062, 0.052, 0.01, 0.056, 0.037
0.195, 0.065, 0.057, 0.009, 0.058, 0.035
0.194, 0.142, 0.015, 0.054, 0.121, 0.039
0.206, 0.062, 0.042, 0.018, 0.073, 0.042
0.19, 0.108, 0.044, 0.018, 0.081, 0.044
0.183, 0.061, 0.072, 0.022, 0.075, 0.032
0.157, 0.061, 0.056, 0.013, 0.075, 0.034
0.193, 0.078, 0.082, 0.038, 0.081, 0.034
0.167, 0.062, 0.062, 0.019, 0.075, 0.035
0.161, 0.067, 0.043, 0.014, 0.065, 0.035
0.165, 0.095, 0.05, 0.016, 0.072, 0.046
0.169, 0.08, 0.048, 0.02, 0.078, 0.035
0.188, 0.077, 0.107, 0.025, 0.074, 0.048
0.157, 0.053, 0.053, 0.013, 0.067, 0.034
0.215, 0.076, 0.109, 0.011, 0.064, 0.043
0.182, 0.063, 0.037, 0.012, 0.066, 0.037
0.174, 0.052, 0.055, 0.015, 0.09, 0.085
0.318, 0.062, 0.063, 0.016, 0.105, 0.114
0.194, 0.067, 0.072, 0.023, 0.095, 0.035
0.208, 0.061, 0.061, 0.018, 0.094, 0.083
0.182, 0.058, 0.052, 0.014, 0.121, 0.134
0.196, 0.07, 0.01, 0.045, 0.12, 0.15
0.213, 0.108, 0.025, 0.061, 0.137, 0.115
0.233, 0.163, 0.06, 0.05, 0.13, 0.083
0.223, 0.075, 0.047, 0.051, 0.109, 0.042
0.184, 0.056, 0.056, 0.034, 0.133, 0.154
0.196, 0.048, 0.052, 0.049, 0.073, 0.042
0.311, 0.158, 0.06, 0.014, 0.06, 0.038
0.198, 0.059, 0.06, 0.012, 0.074, 0.036
0.25, 0.101, 0.111, 0.01, 0.056, 0.03
0.206, 0.08, 0.1, 0.056, 0.117, 0.072
0.182, 0.055, 0.058, 0.023, 0.059, 0.034
0.385, 0.068, 0.04, 0.009, 0.081, 0.093
0.182, 0.048, 0.055, 0.01, 0.061, 0.047
0.178, 0.06, 0.039, 0.011, 0.074, 0.067
0.222, 0.133, 0.059, 0.008, 0.071, 0.066
0.19, 0.057, 0.063, 0.01, 0.067, 0.064
0.175, 0.057, 0.07, 0.009, 0.065, 0.057
0.195, 0.073, 0.044, 0.012, 0.069, 0.06
0.195, 0.068, 0.045, 0.009, 0.064, 0.057
0.187, 0.058, 0.064, 0.01, 0.069, 0.072
0.201, 0.106, 0.047, 0.009, 0.067, 0.062
0.202, 0.08, 0.057, 0.012, 0.089, 0.092
0.185, 0.046, 0.065, 0.01, 0.053, 0.047
0.181, 0.052, 0.065, 0.009, 0.054, 0.037
0.227, 0.051, 0.054, 0.008, 0.055, 0.046
0.211, 0.096, 0.044, 0.017, 0.092, 0.093
0.186, 0.082, 0.064, 0.02, 0.078, 0.07
0.174, 0.046, 0.063, 0.015, 0.063, 0.033
0.173, 0.041, 0.05, 0.012, 0.068, 0.032
0.189, 0.057, 0.04, 0.01, 0.066, 0.032
0.177, 0.046, 0.049, 0.01, 0.055, 0.036
0.17, 0.059, 0.05, 0.016, 0.065, 0.04
0.184, 0.059, 0.039, 0.016, 0.067, 0.045
0.189, 0.067, 0.081, 0.028, 0.119, 0.105
0.173, 0.048, 0.049, 0.011, 0.06, 0.031
0.178, 0.052, 0.052, 0.009, 0.054, 0.03
0.223, 0.063, 0.026, 0.014, 0.069, 0.031
0.173, 0.065, 0.053, 0.032, 0.107, 0.035
0.185, 0.059, 0.06, 0.038, 0.093, 0.031
0.193, 0.054, 0.054, 0.026, 0.087, 0.035
0.24, 0.064, 0.081, 0.044, 0.12, 0.106
0.161, 0.046, 0.054, 0.014, 0.074, 0.037
0.182, 0.081, 0.055, 0.019, 0.067, 0.039
0.205, 0.064, 0.09, 0.013, 0.059, 0.039
0.203, 0.047, 0.062, 0.022, 0.053, 0.033
0.178, 0.045, 0.055, 0.014, 0.074, 0.034
0.204, 0.352, 0.041, 0.038, 0.101, 0.048
0.196, 0.08, 0.028, 0.055, 0.101, 0.044
0.252, 0.09, 0.093, 0.037, 0.133, 0.144
0.243, 0.074, 0.084, 0.026, 0.103, 0.112
0.296, 0.077, 0.091, 0.021, 0.068, 0.041
0.27, 0.068, 0.079, 0.018, 0.068, 0.038
0.256, 0.069, 0.085, 0.02, 0.099, 0.11
0.216, 0.097, 0.032, 0.049, 0.106, 0.07
0.191, 0.061, 0.067, 0.042, 0.097, 0.035
0.223, 0.043, 0.07, 0.018, 0.057, 0.025
0.28, 0.047, 0.051, 0.018, 0.064, 0.035
0.205, 0.086, 0.044, 0.013, 0.063, 0.041
0.208, 0.068, 0.045, 0.02, 0.072, 0.035
0.176, 0.07, 0.06, 0.018, 0.063, 0.027
0.18, 0.031, 0.348, 0.017, 0.062, 0.028
0.201, 0.116, 0.051, 0.016, 0.061, 0.037
0.2, 0.048, 0.07, 0.009, 0.054, 0.026
0.217, 0.064, 0.06, 0.013, 0.062, 0.039
0.192, 0.052, 0.069, 0.012, 0.057, 0.028
0.182, 0.066, 0.052, 0.015, 0.061, 0.037
0.301, 0.072, 0.031, 0.041, 0.087, 0.03
0.235, 0.056, 0.051, 0.032, 0.082, 0.046
0.216, 0.049, 0.046, 0.02, 0.064, 0.032
0.162, 0.042, 0.045, 0.015, 0.053, 0.03
0.183, 0.049, 0.049, 0.012, 0.057, 0.035
0.182, 0.051, 0.032, 0.009, 0.054, 0.031
0.182, 0.04, 0.044, 0.01, 0.049, 0.03
0.216, 0.041, 0.068, 0.011, 0.058, 0.037
0.215, 2.233, 0.567, 0.025, 0.073, 0.063
0.231, 0.061, 0.032, 0.02, 0.068, 0.048
0.251, 0.085, 0.031, 0.042, 0.116, 0.073
0.247, 0.049, 0.061, 0.019, 0.086, 0.072
0.283, 0.058, 0.061, 0.026, 0.093, 0.066
0.207, 0.052, 0.06, 0.026, 0.086, 0.065
0.202, 0.055, 0.06, 0.021, 0.085, 0.043
0.234, 0.072, 0.045, 0.027, 0.096, 0.045
0.258, 0.078, 0.03, 0.026, 0.086, 0.049
0.206, 0.062, 0.064, 0.025, 0.076, 0.039
0.161, 0.058, 0.063, 0.022, 0.065, 0.041
0.178, 0.06, 0.059, 0.018, 0.068, 0.037
0.225, 0.063, 0.062, 0.022, 0.077, 0.038
0.187, 0.071, 0.049, 0.029, 0.076, 0.041
0.25, 0.083, 0.043, 0.025, 0.095, 0.106
0.214, 0.059, 0.038, 0.038, 0.09, 0.077
0.214, 0.043, 0.035, 0.011, 0.064, 0.069
0.229, 0.037, 0.035, 0.011, 0.058, 0.06
0.171, 0.031, 0.03, 0.011, 0.063, 0.071
0.246, 0.028, 0.026, 0.009, 0.059, 0.065
0.194, 0.036, 0.011, 0.008, 0.048, 0.039
0.185, 0.042, 0.033, 0.011, 0.049, 0.034
0.183, 0.038, 0.028, 0.009, 0.047, 0.043
0.194, 0.05, 0.015, 0.027, 0.063, 0.043
0.238, 0.043, 0.045, 0.033, 0.085, 0.074
0.196, 0.048, 0.035, 0.014, 0.06, 0.065
0.177, 0.048, 0.034, 0.011, 0.05, 0.036
0.206, 0.044, 0.044, 0.036, 0.067, 0.053
0.225, 0.078, 0.054, 0.033, 0.074, 0.048
0.211, 0.046, 0.049, 0.036, 0.075, 0.054
0.219, 0.054, 0.042, 0.033, 0.069, 0.05
0.232, 0.051, 0.059, 0.036, 0.077, 0.061
0.211, 0.044, 0.04, 0.034, 0.071, 0.056
0.209, 0.058, 0.02, 0.032, 0.07, 0.058
0.192, 0.053, 0.042, 0.035, 0.071, 0.061
0.237, 0.231, 0.049, 0.038, 0.077, 0.069
0.217, 0.083, 0.126, 0.034, 0.076, 0.06
0.225, 0.117, 0.039, 0.046, 0.065, 0.054
0.2, 0.091, 0.014, 0.033, 0.074, 0.064
0.208, 0.073, 0.052, 0.038, 0.077, 0.064
0.209, 0.047, 0.051, 0.022, 0.066, 0.058
0.204, 0.074, 0.016, 0.022, 0.057, 0.038
0.214, 0.095, 0.013, 0.016, 0.055, 0.039
0.222, 0.061, 0.033, 0.018, 0.053, 0.039
0.18, 0.043, 0.062, 0.033, 0.062, 0.033
0.205, 0.032, 0.044, 0.031, 0.048, 0.03
0.265, 0.056, 0.022, 0.014, 0.049, 0.033
0.246, 0.083, 0.089, 0.027, 0.07, 0.06
0.202, 0.049, 0.054, 0.014, 0.049, 0.042
0.224, 0.132, 0.071, 0.016, 0.055, 0.037
0.212, 0.088, 0.018, 0.025, 0.078, 0.045
0.226, 0.039, 0.04, 0.029, 0.07, 0.042
0.225, 0.057, 0.023, 0.022, 0.058, 0.036
0.21, 0.032, 0.033, 0.021, 0.057, 0.036
0.244, 0.047, 0.04, 0.03, 0.064, 0.035
0.197, 0.077, 0.095, 0.043, 0.083, 0.031
0.242, 0.052, 0.333, 0.033, 0.093, 0.027
0.195, 0.042, 0.041, 0.024, 0.064, 0.031
0.218, 0.04, 0.04, 0.021, 0.065, 0.036
0.17, 0.052, 0.04, 0.024, 0.06, 0.037
0.18, 0.069, 0.04, 0.018, 0.05, 0.027
0.175, 0.043, 0.035, 0.019, 0.051, 0.028
0.225, 0.094, 0.098, 0.023, 0.059, 0.034
0.188, 0.05, 0.051, 0.026, 0.062, 0.039
0.157, 0.057, 0.051, 0.018, 0.049, 0.029
0.159, 0.043, 0.046, 0.014, 0.059, 0.031
0.169, 0.065, 0.049, 0.025, 0.072, 0.034
0.256, 0.052, 0.059, 0.029, 0.07, 0.05
0.184, 0.048, 0.046, 0.016, 0.063, 0.034
0.203, 0.091, 0.045, 0.016, 0.056, 0.044
0.169, 0.046, 0.051, 0.022, 0.071, 0.033
0.175, 0.053, 0.082, 0.031, 0.079, 0.043
0.207, 0.054, 0.028, 0.011, 0.061, 0.032
0.185, 0.033, 0.102, 0.027, 0.048, 0.027
0.195, 0.052, 0.05, 0.018, 0.065, 0.042
0.304, 0.071, 0.032, 0.012, 0.049, 0.036
0.246, 0.071, 0.017, 0.014, 0.052, 0.036
0.199, 0.044, 0.057, 0.029, 0.067, 0.04
0.215, 0.05, 0.031, 0.026, 0.052, 0.029
0.203, 0.043, 0.05, 0.017, 0.05, 0.034
0.213, 0.037, 0.047, 0.02, 0.054, 0.037
0.189, 0.064, 0.068, 0.033, 0.06, 0.028
0.184, 0.048, 0.049, 0.032, 0.06, 0.028
0.184, 0.048, 0.039, 0.034, 0.061, 0.03
0.201, 0.047, 0.049, 0.034, 0.073, 0.037
0.222, 0.048, 0.052, 0.028, 0.069, 0.05
0.205, 0.059, 0.017, 0.014, 0.054, 0.035
0.215, 0.108, 0.058, 0.024, 0.069, 0.043
0.195, 0.054, 0.066, 0.016, 0.053, 0.034
0.212, 0.07, 0.047, 0.013, 0.054, 0.035
0.203, 0.087, 0.051, 0.012, 0.055, 0.032
0.179, 0.064, 0.061, 0.013, 0.051, 0.026
0.19, 0.062, 0.065, 0.015, 0.054, 0.028
0.211, 0.078, 0.047, 0.016, 0.054, 0.033
0.196, 0.062, 0.061, 0.012, 0.049, 0.026
0.272, 0.102, 0.117, 0.02, 0.063, 0.047
0.279, 0.05, 0.06, 0.01, 0.053, 0.032
0.241, 0.063, 0.072, 0.037, 0.075, 0.045
0.174, 0.05, 0.06, 0.028, 0.07, 0.035
0.2, 0.064, 0.109, 0.033, 0.066, 0.039
0.213, 0.055, 0.063, 0.028, 0.063, 0.036
0.2, 0.059, 0.067, 0.029, 0.073, 0.051
0.17, 0.057, 0.061, 0.019, 0.057, 0.032
0.183, 0.294, 0.077, 0.025, 0.071, 0.038
0.215, 0.084, 0.047, 0.035, 0.067, 0.037
0.19, 0.065, 0.117, 0.063, 0.125, 0.03
0.183, 0.057, 0.082, 0.032, 0.091, 0.035
0.193, 0.061, 0.039, 0.017, 0.065, 0.031
0.162, 0.059, 0.052, 0.014, 0.064, 0.039
0.279, 0.063, 0.057, 0.016, 0.067, 0.035
0.195, 0.058, 0.041, 0.012, 0.061, 0.044
0.179, 0.052, 0.065, 0.016, 0.067, 0.041
0.201, 0.526, 0.07, 0.022, 0.082, 0.053
0.18, 0.058, 0.068, 0.014, 0.065, 0.031
0.189, 0.091, 0.046, 0.013, 0.066, 0.043
0.198, 0.069, 0.058, 0.016, 0.064, 0.056
0.199, 0.058, 0.046, 0.014, 0.064, 0.04
0.171, 0.067, 0.058, 0.041, 0.113, 0.027
0.173, 0.052, 0.059, 0.012, 0.07, 0.034
0.185, 0.053, 0.058, 0.009, 0.075, 0.034
0.175, 0.054, 0.036, 0.038, 0.077, 0.029
0.208, 0.045, 0.042, 0.013, 0.052, 0.046
0.226, 0.055, 0.023, 0.011, 0.05, 0.053
0.199, 0.069, 0.029, 0.016, 0.054, 0.042
0.316, 0.05, 0.015, 0.031, 0.062, 0.043
0.218, 0.032, 0.029, 0.025, 0.058, 0.036
0.19, 0.02, 0.447, 0.017, 0.055, 0.037
0.189, 0.031, 0.028, 0.017, 0.055, 0.036
0.172, 0.032, 0.027, 0.011, 0.046, 0.032
0.188, 0.037, 0.013, 0.009, 0.051, 0.034
0.232, 0.036, 0.014, 0.014, 0.053, 0.035
0.207, 0.134, 0.02, 0.033, 0.073, 0.039
0.242, 0.029, 0.029, 0.014, 0.054, 0.037
0.176, 0.036, 0.029, 0.018, 0.062, 0.031
0.196, 0.034, 0.028, 0.015, 0.052, 0.037
0.212, 0.091, 0.014, 0.049, 0.115, 0.068
0.194, 0.061, 0.04, 0.014, 0.067, 0.052
0.223, 0.045, 0.052, 0.012, 0.068, 0.035
0.248, 0.057, 0.037, 0.031, 0.075, 0.042
0.188, 0.038, 0.026, 0.014, 0.054, 0.03
0.205, 0.203, 0.033, 0.013, 0.054, 0.032
0.204, 0.038, 0.013, 0.017, 0.055, 0.036
0.218, 0.053, 0.017, 0.018, 0.065, 0.051
0.199, 0.048, 0.025, 0.022, 0.059, 0.034
0.18, 0.043, 0.037, 0.032, 0.066, 0.028
0.246, 0.051, 0.017, 0.018, 0.059, 0.029
0.215, 0.051, 0.031, 0.02, 0.06, 0.032
0.208, 0.052, 0.024, 0.017, 0.057, 0.038
0.248, 0.048, 0.035, 0.024, 0.063, 0.046
0.194, 0.041, 0.03, 0.02, 0.053, 0.028
0.189, 0.034, 0.027, 0.016, 0.048, 0.029
0.234, 0.036, 0.028, 0.013, 0.049, 0.029
0.239, 0.04, 0.027, 0.019, 0.057, 0.029
0.229, 0.033, 0.027, 0.018, 0.055, 0.026
0.274, 0.04, 0.014, 0.019, 0.06, 0.048
0.193, 0.042, 0.03, 0.021, 0.058, 0.034
0.241, 0.034, 0.03, 0.021, 0.072, 0.043
0.212, 0.038, 0.017, 0.014, 0.068, 0.032
0.204, 0.027, 0.028, 0.015, 0.073, 0.043
5.631, 0.336, 0.326, 0.075, 0.236, 0.156
0.188, 0.056, 0.056, 0.013, 0.064, 0.036
0.218, 0.07, 0.059, 0.016, 0.073, 0.055
0.273, 0.049, 0.052, 0.011, 0.056, 0.03
0.206, 0.045, 0.055, 0.015, 0.068, 0.047
0.192, 0.047, 0.052, 0.016, 0.071, 0.059
0.172, 0.043, 0.05, 0.01, 0.075, 0.062
0.173, 0.043, 0.055, 0.013, 0.072, 0.069
0.162, 0.044, 0.055, 0.011, 0.064, 0.045
0.182, 0.045, 0.051, 0.011, 0.065, 0.045
0.183, 0.058, 0.055, 0.014, 0.067, 0.049
0.207, 0.049, 0.053, 0.014, 0.064, 0.04
0.195, 0.055, 0.055, 0.015, 0.066, 0.04
0.188, 0.05, 0.052, 0.012, 0.058, 0.039
0.178, 0.05, 0.052, 0.01, 0.058, 0.032
0.189, 0.046, 0.052, 0.01, 0.058, 0.029
0.182, 0.048, 0.056, 0.011, 0.057, 0.03
0.182, 0.047, 0.053, 0.011, 0.06, 0.03
0.212, 0.066, 0.056, 0.012, 0.068, 0.044
0.292, 0.05, 0.056, 0.01, 0.061, 0.038
0.194, 0.062, 0.056, 0.018, 0.076, 0.049
0.191, 0.052, 0.06, 0.011, 0.065, 0.053
0.216, 0.053, 0.057, 0.014, 0.064, 0.036
0.182, 0.053, 0.057, 0.016, 0.068, 0.042
0.24, 0.049, 0.052, 0.014, 0.07, 0.049
0.254, 0.047, 0.054, 0.014, 0.065, 0.04
0.267, 0.05, 0.058, 0.021, 0.069, 0.044
0.242, 0.056, 0.051, 0.014, 0.068, 0.037
0.195, 0.045, 0.051, 0.014, 0.072, 0.036
0.198, 0.044, 0.049, 0.014, 0.072, 0.035
0.183, 0.042, 0.06, 0.011, 0.059, 0.031
0.174, 0.045, 0.06, 0.012, 0.06, 0.417
0.221, 0.051, 0.055, 0.011, 0.06, 0.039
0.194, 0.048, 0.058, 0.01, 0.061, 0.037
0.181, 0.05, 0.133, 0.01, 0.063, 0.035
0.256, 0.088, 0.099, 0.011, 0.059, 0.035
0.213, 0.053, 0.06, 0.013, 0.062, 0.039
0.22, 0.094, 0.086, 0.058, 0.119, 0.038
0.229, 0.143, 0.049, 0.055, 0.12, 0.04
0.202, 0.05, 0.048, 0.034, 0.063, 0.04
0.19, 0.043, 0.04, 0.019, 0.051, 0.035
0.198, 0.033, 0.051, 0.026, 0.053, 0.032
0.219, 0.04, 0.036, 0.019, 0.051, 0.041
0.173, 0.046, 0.038, 0.02, 0.047, 0.028
0.19, 0.048, 0.04, 0.032, 0.062, 0.038
0.172, 0.035, 0.054, 0.025, 0.056, 0.037
0.172, 0.038, 0.034, 0.017, 0.047, 0.029
0.215, 0.032, 0.031, 0.013, 0.047, 0.032
0.182, 0.033, 0.03, 0.014, 0.049, 0.028
0.22, 0.029, 0.027, 0.018, 0.059, 0.039
0.259, 0.028, 0.029, 0.024, 0.061, 0.033
0.268, 0.176, 0.035, 0.018, 0.053, 0.031
0.193, 0.03, 0.026, 0.019, 0.054, 0.028
0.268, 0.068, 0.063, 0.374, 0.086, 0.06
0.195, 0.032, 0.028, 0.012, 0.049, 0.03
0.189, 0.031, 0.031, 0.012, 0.047, 0.032
0.192, 0.032, 0.031, 0.014, 0.05, 0.032
0.18, 0.032, 0.03, 0.012, 0.05, 0.028
0.184, 0.035, 0.033, 0.013, 0.05, 0.035
0.251, 0.043, 0.036, 0.013, 0.051, 0.033
0.229, 0.031, 0.03, 0.015, 0.058, 0.045
0.332, 0.04, 0.035, 0.022, 0.073, 0.036
0.176, 0.037, 0.026, 0.017, 0.053, 0.032
0.218, 0.031, 0.031, 0.022, 0.045, 0.036
0.189, 0.032, 0.034, 0.014, 0.05, 0.035
0.18, 0.088, 0.037, 0.019, 0.048, 0.036
0.234, 0.035, 0.034, 0.023, 0.072, 0.04
0.198, 0.038, 0.032, 0.013, 0.06, 0.036
0.158, 0.03, 0.031, 0.011, 0.045, 0.033
0.233, 0.059, 0.062, 0.025, 0.063, 0.041
0.168, 0.035, 0.036, 0.035, 0.069, 0.04
0.194, 0.025, 0.02, 0.013, 0.048, 0.042
0.181, 0.025, 0.027, 0.012, 0.048, 0.033
0.173, 0.027, 0.032, 0.015, 0.094, 0.106
0.241, 0.033, 0.029, 0.014, 0.11, 0.178
0.219, 0.032, 0.037, 0.019, 0.09, 0.111
0.208, 0.027, 0.046, 0.017, 0.083, 0.078
0.264, 0.066, 0.058, 0.047, 0.106, 0.06
0.19, 0.07, 0.079, 0.037, 0.091, 0.047
0.197, 0.062, 0.057, 0.038, 0.085, 0.034
0.192, 0.062, 0.057, 0.045, 0.098, 0.033
0.239, 0.063, 0.063, 0.025, 0.076, 0.036
0.19, 0.062, 0.056, 0.03, 0.078, 0.037
0.253, 0.06, 0.061, 0.024, 0.071, 0.04
0.214, 0.084, 0.07, 0.05, 0.114, 0.045
0.213, 0.059, 0.058, 0.015, 0.074, 0.047
0.235, 0.054, 0.061, 0.011, 0.061, 0.036
0.197, 0.055, 0.091, 0.014, 0.069, 0.044
0.184, 0.053, 0.062, 0.013, 0.058, 0.034
0.196, 0.061, 0.065, 0.017, 0.072, 0.043
0.211, 0.093, 0.093, 0.014, 0.066, 0.038
0.226, 0.063, 0.059, 0.013, 0.09, 0.109
0.215, 0.052, 0.056, 0.013, 0.062, 0.037
0.201, 0.05, 0.057, 0.017, 0.063, 0.038
0.204, 0.052, 0.055, 0.023, 0.073, 0.04
0.289, 0.047, 0.052, 0.015, 0.062, 0.032
0.284, 0.046, 0.052, 0.012, 0.056, 0.029
0.225, 0.05, 0.056, 0.018, 0.108, 0.105
0.178, 0.046, 0.051, 0.011, 0.073, 0.059
0.173, 0.045, 0.057, 0.012, 0.059, 0.051
0.202, 0.068, 0.064, 0.031, 0.107, 0.056
0.181, 0.057, 0.061, 0.024, 0.072, 0.048
0.197, 0.06, 0.062, 0.024, 0.077, 0.056
0.223, 0.071, 0.082, 0.021, 0.086, 0.043
0.181, 0.528, 0.042, 0.043, 0.09, 0.04
0.19, 0.052, 0.057, 0.021, 0.068, 0.057
0.174, 6.151, 0.052, 0.072, 0.13, 0.066
0.211, 0.053, 0.054, 0.017, 0.078, 0.072
0.184, 0.05, 0.056, 0.019, 0.074, 0.082
0.234, 0.056, 0.058, 0.018, 0.092, 0.072
0.198, 0.061, 0.064, 0.021, 0.082, 0.05
0.2, 0.063, 0.062, 0.015, 0.079, 0.044
0.195, 0.055, 0.064, 0.01, 0.075, 0.041
0.19, 0.053, 0.121, 0.012, 0.06, 0.036
0.186, 0.058, 0.083, 0.011, 0.062, 0.035
0.175, 0.06, 0.072, 0.013, 0.066, 0.03
0.192, 0.053, 0.073, 0.013, 0.06, 0.033
0.177, 0.059, 0.063, 0.014, 0.059, 0.036
0.209, 0.055, 0.061, 0.012, 0.059, 0.037
0.169, 0.061, 0.069, 0.012, 0.064, 0.032
0.225, 0.049, 0.078, 0.009, 0.06, 0.031
0.176, 0.054, 0.068, 0.012, 0.067, 0.032
0.175, 0.057, 0.067, 0.028, 0.068, 0.043
0.29, 0.053, 0.064, 0.016, 0.08, 0.07
0.19, 0.058, 0.063, 0.013, 0.06, 0.033
0.225, 0.053, 0.057, 0.01, 0.061, 0.038
0.211, 0.052, 0.059, 0.011, 0.061, 0.034
0.19, 0.056, 0.064, 0.009, 0.058, 0.031
0.202, 0.056, 0.06, 0.025, 0.08, 0.05
0.231, 0.058, 0.059, 0.016, 0.063, 0.038
0.239, 0.054, 0.063, 0.014, 0.067, 0.037
0.188, 0.055, 0.06, 0.012, 0.067, 0.053
0.175, 0.048, 0.1, 0.012, 0.068, 0.061
0.183, 0.052, 0.058, 0.011, 0.057, 0.038
0.218, 0.055, 0.065, 0.009, 0.064, 0.039
0.23, 0.219, 0.068, 0.016, 0.064, 0.037
0.206, 0.044, 0.057, 0.015, 0.059, 0.039
0.238, 0.044, 0.057, 0.012, 0.064, 0.04
0.301, 0.044, 0.058, 0.011, 0.055, 0.036
0.237, 0.045, 0.057, 0.01, 0.077, 0.055
0.265, 0.052, 0.065, 0.009, 0.061, 0.039
0.244, 0.055, 0.059, 0.009, 0.061, 0.038
0.217, 0.049, 0.062, 0.011, 0.057, 0.032
0.234, 0.052, 0.056, 0.015, 0.063, 0.04
0.23, 0.067, 0.061, 0.014, 0.065, 0.041
0.204, 0.048, 0.058, 0.011, 0.061, 0.037
0.183, 0.05, 0.057, 0.016, 0.062, 0.038
0.207, 0.046, 0.057, 0.012, 0.068, 0.038
0.188, 0.045, 0.054, 0.012, 0.06, 0.036
0.177, 0.046, 0.054, 0.013, 0.105, 0.033
0.215, 0.044, 0.054, 0.014, 0.063, 0.041
0.193, 0.054, 0.063, 0.011, 0.06, 0.037
0.178, 0.054, 0.059, 0.016, 0.068, 0.058
0.173, 0.053, 0.056, 0.012, 0.062, 0.039
0.211, 0.098, 0.055, 0.013, 0.061, 0.036
0.262, 0.063, 0.065, 0.018, 0.071, 0.057
0.232, 0.051, 0.059, 0.017, 0.065, 0.035
0.241, 0.05, 0.057, 0.016, 0.074, 0.038
0.264, 0.044, 0.056, 0.012, 0.06, 0.033
0.206, 0.058, 0.084, 0.029, 0.094, 0.075
0.28, 0.048, 0.055, 0.014, 0.062, 0.036
0.277, 0.046, 0.053, 0.016, 0.06, 0.033
0.252, 0.069, 0.091, 0.012, 0.063, 0.038
0.239, 0.05, 0.393, 0.014, 0.069, 0.039
0.293, 0.101, 0.115, 0.014, 0.074, 0.078
0.258, 0.053, 0.067, 0.022, 0.073, 0.037
0.253, 6.74, 0.622, 0.033, 0.102, 0.038
0.204, 0.063, 0.066, 0.029, 0.081, 0.035
0.254, 5.023, 1.593, 0.039, 0.104, 0.041
0.204, 0.055, 0.082, 0.037, 0.098, 0.041
0.241, 0.061, 0.066, 0.02, 0.073, 0.038
0.224, 0.049, 0.061, 0.02, 0.07, 0.033
0.22, 0.051, 0.061, 0.018, 0.065, 0.031
0.208, 0.052, 0.073, 0.02, 0.064, 0.03
0.21, 0.056, 0.063, 0.018, 0.064, 0.037
0.193, 0.056, 0.068, 0.019, 0.065, 0.033
0.192, 0.053, 0.06, 0.015, 0.061, 0.03
0.207, 0.054, 0.066, 0.014, 0.064, 0.034
0.225, 0.046, 0.062, 0.022, 0.067, 0.036
0.249, 0.045, 0.055, 0.013, 0.066, 0.031
0.236, 0.046, 0.052, 0.011, 0.061, 0.028
0.199, 0.047, 0.052, 0.014, 0.061, 0.028
0.294, 0.065, 0.098, 0.021, 0.073, 0.033
0.204, 0.058, 0.059, 0.016, 0.069, 0.034
0.274, 0.059, 0.06, 0.013, 0.061, 0.033
0.242, 0.053, 0.058, 0.018, 0.066, 0.034
0.289, 0.1, 0.117, 0.017, 0.062, 0.034
0.227, 0.053, 0.06, 0.011, 0.056, 0.029
0.193, 0.053, 0.054, 0.011, 0.056, 0.029
0.286, 0.047, 0.055, 0.011, 0.055, 0.029
0.294, 0.055, 0.06, 0.01, 0.058, 0.028
0.22, 0.568, 0.123, 0.063, 0.128, 0.037
0.314, 0.1, 0.099, 0.017, 0.067, 0.031
0.239, 0.054, 0.063, 0.013, 0.063, 0.032
0.232, 0.055, 0.058, 0.012, 0.06, 0.028
0.237, 0.056, 0.062, 0.015, 0.072, 0.037
0.281, 0.079, 0.069, 0.046, 0.11, 0.059
0.254, 0.05, 0.058, 0.015, 0.079, 0.032
0.248, 0.051, 0.054, 0.012, 0.065, 0.029
0.26, 0.089, 0.107, 0.01, 0.062, 0.027
0.224, 1.016, 0.082, 0.026, 0.082, 0.032
0.243, 0.076, 0.083, 0.039, 0.093, 0.039
0.225, 0.062, 0.047, 0.041, 0.106, 0.043
0.261, 0.049, 0.057, 0.013, 0.065, 0.035
0.224, 0.06, 0.06, 0.03, 0.086, 0.031
0.244, 0.362, 0.078, 0.011, 0.061, 0.026
0.208, 0.591, 0.071, 0.021, 0.081, 0.04
0.226, 4.47, 0.073, 0.043, 0.099, 0.042
0.245, 0.48, 0.069, 0.034, 0.086, 0.037
0.225, 0.052, 0.059, 0.021, 0.074, 0.032
0.219, 0.054, 0.06, 0.02, 0.078, 0.039
0.255, 0.052, 0.058, 0.022, 0.07, 0.036
0.309, 0.128, 0.142, 0.075, 0.262, 0.208
0.27, 0.079, 0.067, 0.054, 0.141, 0.067
0.249, 0.051, 0.048, 0.047, 0.125, 0.05
0.214, 0.069, 0.062, 0.028, 0.085, 0.039
0.243, 0.051, 0.056, 0.016, 0.075, 0.03
0.225, 0.049, 0.057, 0.013, 0.081, 0.034
0.231, 0.057, 0.056, 0.013, 0.093, 0.103
0.253, 0.057, 0.387, 0.05, 0.078, 0.052
0.332, 0.056, 0.057, 0.04, 0.088, 0.068
0.266, 0.064, 0.06, 0.042, 0.099, 0.087
0.307, 0.095, 0.096, 0.05, 0.09, 0.086
0.256, 0.047, 0.078, 0.022, 0.065, 0.051
0.277, 0.046, 0.05, 0.016, 0.067, 0.046
0.228, 0.042, 0.051, 0.016, 0.058, 0.04
0.246, 0.064, 0.07, 0.028, 0.085, 0.058
0.281, 0.059, 0.059, 0.027, 0.115, 0.112
0.372, 0.065, 0.061, 0.052, 0.085, 0.037
0.233, 0.068, 0.091, 0.023, 0.122, 0.174
0.327, 0.049, 0.06, 0.018, 0.067, 0.038
0.219, 0.051, 0.064, 0.031, 0.085, 0.037
0.207, 0.045, 0.055, 0.016, 0.065, 0.032
0.234, 0.067, 0.055, 0.018, 0.076, 0.038
0.266, 0.047, 0.055, 0.023, 0.077, 0.032
0.362, 0.077, 0.086, 0.036, 0.107, 0.039
0.229, 0.05, 0.056, 0.025, 0.078, 0.04
0.208, 0.05, 0.052, 0.018, 0.065, 0.042
0.214, 0.044, 0.05, 0.014, 0.071, 0.031
0.257, 0.06, 0.056, 0.024, 0.077, 0.042
0.245, 0.048, 0.051, 0.04, 0.084, 0.042
0.253, 0.055, 0.051, 0.038, 0.091, 0.047
0.263, 0.086, 0.051, 0.019, 0.081, 0.077
0.273, 0.039, 0.043, 0.011, 0.06, 0.038
0.238, 0.041, 0.047, 0.013, 0.109, 0.176
0.245, 0.043, 0.046, 0.011, 0.061, 0.038
0.252, 0.045, 0.047, 0.013, 0.08, 0.038
0.27, 0.048, 0.049, 0.018, 0.092, 0.083
0.264, 0.041, 0.057, 0.016, 0.065, 0.034
0.25, 0.053, 0.054, 0.012, 0.058, 0.031
0.283, 0.047, 0.047, 0.013, 0.057, 0.031
0.268, 0.046, 0.046, 0.014, 0.053, 0.026
0.257, 0.044, 0.044, 0.014, 0.061, 0.035
0.25, 0.049, 0.047, 0.015, 0.056, 0.027
0.307, 0.093, 0.093, 0.045, 0.126, 0.026
0.283, 0.06, 0.064, 0.047, 0.096, 0.034
0.282, 0.051, 0.062, 0.015, 0.077, 0.033
0.275, 0.068, 0.063, 0.021, 0.069, 0.028
0.249, 0.07, 0.066, 0.014, 0.069, 0.033
0.245, 0.056, 0.065, 0.016, 0.059, 0.028
0.284, 0.045, 0.055, 0.035, 0.071, 0.044
0.314, 0.052, 0.085, 0.011, 0.077, 0.048
0.292, 0.052, 0.06, 0.026, 0.051, 0.038
0.287, 0.085, 0.116, 0.011, 0.044, 0.033
0.264, 0.05, 0.06, 0.009, 0.047, 0.032
0.221, 0.079, 0.078, 0.018, 0.121, 0.059
0.181, 0.035, 0.045, 0.012, 0.065, 0.04
0.23, 0.039, 0.054, 0.01, 0.054, 0.03
0.225, 0.039, 0.045, 0.013, 0.063, 0.031
0.195, 0.044, 0.047, 0.01, 0.057, 0.03
0.208, 0.045, 0.059, 0.01, 0.043, 0.031
0.231, 0.043, 0.049, 0.011, 0.063, 0.032
0.27, 0.04, 0.07, 0.011, 0.054, 0.027
0.245, 0.049, 0.047, 0.012, 0.053, 0.031
0.234, 0.045, 0.047, 0.017, 0.073, 0.043
0.265, 0.146, 0.049, 0.02, 0.049, 0.043
0.251, 0.045, 0.047, 0.029, 0.069, 0.046
0.241, 0.047, 0.04, 0.027, 0.057, 0.045
0.243, 0.04, 0.042, 0.019, 0.074, 0.031
0.232, 0.037, 0.044, 0.015, 0.062, 0.028
0.228, 0.036, 0.047, 0.017, 0.062, 0.033
0.231, 0.039, 0.041, 0.016, 0.046, 0.034
0.375, 0.059, 0.049, 0.034, 0.073, 0.048
0.343, 0.059, 0.054, 0.025, 0.07, 0.049
0.23, 0.041, 0.063, 0.024, 0.057, 0.045
0.223, 0.045, 0.044, 0.023, 0.067, 0.045
0.208, 0.057, 0.044, 0.026, 0.057, 0.052
0.318, 0.066, 0.046, 0.034, 0.101, 0.084
0.237, 0.058, 0.044, 0.032, 0.091, 0.042
0.236, 0.06, 0.058, 0.033, 0.074, 0.037
0.199, 0.04, 0.039, 0.036, 0.102, 0.043
0.206, 0.046, 0.045, 0.034, 0.078, 0.045
0.22, 0.051, 0.04, 0.061, 0.079, 0.039
0.229, 0.039, 0.051, 0.034, 0.091, 0.057
0.204, 0.052, 0.044, 0.018, 0.077, 0.036
0.198, 0.045, 0.052, 0.023, 0.059, 0.039
0.201, 0.07, 0.052, 0.026, 0.07, 0.056
0.204, 0.055, 0.051, 0.027, 0.084, 0.062
0.197, 0.041, 0.064, 0.023, 0.076, 0.043
0.214, 0.068, 0.056, 0.035, 0.081, 0.071
0.189, 0.076, 0.051, 0.023, 0.092, 0.061
0.205, 0.058, 0.052, 0.022, 0.084, 0.067
0.19, 0.064, 0.063, 0.023, 0.081, 0.075
0.214, 0.062, 0.058, 0.027, 0.083, 0.097
0.183, 0.055, 0.052, 0.031, 0.068, 0.069
0.189, 0.049, 0.05, 0.02, 0.069, 0.046
0.184, 0.049, 0.053, 0.027, 0.08, 0.059
0.181, 0.096, 0.035, 0.028, 0.084, 0.07
0.194, 0.048, 0.048, 0.025, 0.081, 0.058
0.19, 0.063, 0.055, 0.037, 0.073, 0.078
0.178, 0.04, 0.042, 0.036, 0.061, 0.05
0.166, 0.042, 0.043, 0.028, 0.066, 0.059
0.195, 0.055, 0.048, 0.032, 0.078, 0.059
0.171, 0.038, 0.049, 0.025, 0.061, 0.044
0.179, 0.044, 0.044, 0.024, 0.066, 0.041
0.232, 0.036, 0.04, 0.024, 0.085, 0.039
0.184, 0.033, 0.044, 0.018, 0.046, 0.033
0.186, 0.032, 0.04, 0.016, 0.047, 0.035
0.204, 0.114, 0.117, 0.075, 0.132, 0.081
0.179, 0.049, 0.036, 0.019, 0.049, 0.031
0.21, 0.031, 0.04, 0.019, 0.074, 0.036
0.179, 0.027, 0.032, 0.013, 0.065, 0.033
0.188, 0.033, 0.034, 0.015, 0.096, 0.046
0.183, 0.03, 0.032, 0.012, 0.059, 0.031
0.283, 0.03, 0.034, 0.015, 0.061, 0.038
0.238, 0.027, 0.031, 0.01, 0.068, 0.048
0.208, 0.035, 0.042, 0.028, 0.077, 0.047
0.187, 0.027, 0.031, 0.011, 0.078, 0.042
0.191, 0.033, 0.039, 0.019, 0.091, 0.049
0.183, 0.037, 0.037, 0.019, 0.082, 0.041
0.225, 0.024, 0.028, 0.014, 0.079, 0.05
0.199, 0.028, 0.035, 0.015, 0.083, 0.075
0.321, 0.035, 0.038, 0.028, 0.102, 0.063
0.247, 0.029, 0.03, 0.019, 0.087, 0.063
0.218, 0.027, 0.03, 0.012, 0.08, 0.045
0.209, 0.035, 0.032, 0.011, 0.066, 0.048
0.198, 0.026, 0.054, 0.012, 0.078, 0.049
0.198, 0.026, 0.033, 0.021, 0.097, 0.11
0.216, 0.034, 0.06, 0.02, 0.121, 0.153
0.213, 0.037, 0.047, 0.031, 0.108, 0.105
0.211, 0.029, 0.042, 0.014, 0.114, 0.142
0.198, 0.044, 0.045, 0.02, 0.06, 0.037
0.239, 0.054, 0.078, 0.014, 0.071, 0.031
0.184, 0.036, 0.046, 0.011, 0.088, 0.036
0.192, 0.035, 0.044, 0.013, 0.064, 0.031
0.23, 0.11, 0.118, 0.015, 0.09, 0.033
0.261, 0.058, 0.113, 0.012, 0.056, 0.034
0.192, 0.057, 0.069, 0.036, 0.151, 0.048
0.204, 0.054, 0.072, 0.052, 0.11, 0.064
0.186, 0.048, 0.053, 0.014, 0.064, 0.03
0.187, 0.057, 0.058, 0.01, 0.081, 0.032
0.198, 0.068, 0.06, 0.013, 0.077, 0.035
0.187, 0.048, 0.444, 0.025, 0.079, 0.034
0.256, 0.038, 0.043, 0.025, 0.08, 0.044
0.301, 0.034, 0.043, 0.016, 0.076, 0.041
0.284, 0.038, 0.043, 0.022, 0.057, 0.044
0.189, 0.029, 0.037, 0.021, 0.087, 0.043
0.186, 0.033, 0.042, 0.019, 0.054, 0.057
0.195, 0.032, 0.046, 0.026, 0.083, 0.066
0.343, 0.038, 0.042, 0.036, 0.092, 0.071
0.227, 0.034, 0.038, 0.034, 0.087, 0.066
0.212, 0.036, 0.045, 0.036, 0.095, 0.079
0.208, 0.048, 0.083, 0.033, 0.077, 0.072
0.189, 0.055, 0.104, 0.021, 0.076, 0.048
0.205, 0.05, 0.058, 0.025, 0.071, 0.056
0.197, 0.051, 0.056, 0.02, 0.055, 0.048
0.25, 0.054, 0.056, 0.035, 0.089, 0.06
0.211, 0.047, 0.055, 0.023, 0.056, 0.05
0.246, 0.046, 0.056, 0.017, 0.053, 0.043
0.253, 0.051, 0.056, 0.022, 0.059, 0.107
0.204, 0.046, 0.054, 0.017, 0.053, 0.053
0.208, 0.053, 0.059, 0.022, 0.063, 0.063
0.23, 0.19, 0.126, 0.024, 0.077, 0.058
0.216, 0.05, 0.266, 0.029, 0.106, 0.069
0.255, 0.078, 0.073, 0.047, 0.128, 0.064
0.281, 0.049, 0.058, 0.012, 0.081, 0.047
0.178, 0.059, 0.059, 0.012, 0.101, 0.055
0.204, 0.057, 0.057, 0.011, 0.098, 0.048
0.195, 0.055, 0.053, 0.022, 0.095, 0.051
0.183, 0.057, 0.059, 0.031, 0.07, 0.044
0.204, 0.054, 0.063, 0.017, 0.077, 0.067
0.171, 0.055, 0.059, 0.025, 0.069, 0.047
0.177, 0.057, 0.065, 0.011, 0.094, 0.039
0.175, 0.056, 0.047, 0.011, 0.096, 0.042
0.264, 0.061, 0.071, 0.017, 0.094, 0.041
0.214, 0.057, 0.063, 0.014, 0.084, 0.041
0.265, 0.064, 0.076, 0.017, 0.084, 0.064
0.211, 0.052, 0.055, 0.041, 0.088, 0.056
0.191, 0.037, 0.038, 0.034, 0.079, 0.053
0.24, 0.046, 0.052, 0.034, 0.085, 0.067
0.207, 0.034, 0.037, 0.021, 0.082, 0.051
0.198, 0.025, 0.03, 0.013, 0.055, 0.036
0.178, 0.026, 0.028, 0.011, 0.075, 0.037
0.237, 0.027, 0.027, 0.013, 0.06, 0.041
0.249, 0.039, 0.036, 0.027, 0.089, 0.06
0.3, 0.038, 0.036, 0.026, 0.073, 0.058
0.319, 0.038, 0.063, 0.033, 0.091, 0.064
0.291, 0.051, 0.061, 0.028, 0.096, 0.05
0.3, 0.044, 0.064, 0.027, 0.084, 0.064
0.328, 0.051, 0.05, 0.027, 0.077, 0.061
0.239, 0.054, 0.061, 0.021, 0.089, 0.045
0.245, 0.574, 0.055, 0.014, 0.069, 0.038
0.246, 0.058, 0.046, 0.011, 0.063, 0.035
0.199, 0.027, 0.05, 0.016, 0.069, 0.033
0.229, 0.037, 0.036, 0.011, 0.068, 0.031
0.183, 0.022, 0.032, 0.023, 0.074, 0.036
0.205, 0.061, 0.069, 0.042, 0.086, 0.032
0.246, 0.041, 0.043, 0.01, 0.054, 0.031
0.213, 0.049, 0.047, 0.009, 0.071, 0.04
0.199, 0.048, 0.045, 0.017, 0.091, 0.035
0.346, 0.042, 0.054, 0.016, 0.071, 0.033
0.28, 0.044, 0.052, 0.012, 0.075, 0.034
0.341, 0.042, 0.053, 0.016, 0.067, 0.03
0.246, 0.061, 0.054, 0.014, 0.095, 0.034
0.303, 0.045, 0.055, 0.012, 0.068, 0.032
0.233, 0.266, 0.056, 0.015, 0.083, 0.039
0.308, 0.053, 0.048, 0.011, 0.077, 0.04
0.271, 0.036, 0.043, 0.009, 0.061, 0.031
0.275, 0.036, 0.043, 0.011, 0.073, 0.033
0.275, 0.038, 0.045, 0.012, 0.085, 0.035
0.208, 0.033, 0.051, 0.01, 0.065, 0.029
0.225, 0.043, 0.047, 0.015, 0.096, 0.037
0.201, 0.048, 0.046, 0.011, 0.066, 0.031
0.199, 0.045, 0.047, 0.011, 0.079, 0.086
0.209, 0.108, 0.063, 0.078, 0.148, 0.066
0.207, 0.052, 0.053, 0.017, 0.079, 0.059
0.217, 0.058, 0.098, 0.016, 0.074, 0.038
0.21, 0.048, 0.05, 0.015, 0.169, 0.034
0.222, 0.068, 0.044, 0.069, 0.123, 0.035
0.201, 0.078, 0.062, 0.038, 0.088, 0.033
0.203, 0.072, 0.063, 0.054, 0.101, 0.033
0.212, 0.086, 0.064, 0.05, 0.117, 0.036
0.209, 0.096, 0.077, 0.046, 0.121, 0.033
0.217, 0.079, 0.076, 0.047, 0.113, 0.041
0.247, 0.099, 0.062, 0.031, 0.098, 0.082
0.224, 0.07, 0.064, 0.033, 0.135, 0.119
0.221, 0.084, 0.066, 0.037, 0.111, 0.101
0.217, 0.095, 0.064, 0.046, 0.134, 0.095
0.194, 0.074, 0.066, 0.047, 0.102, 0.04
0.273, 0.076, 0.065, 0.039, 0.123, 0.041
0.266, 0.077, 0.065, 0.047, 0.119, 0.043
0.219, 0.085, 0.064, 0.044, 0.121, 0.037
0.284, 0.086, 0.066, 0.039, 0.115, 0.041
0.227, 0.117, 0.072, 0.046, 0.111, 0.047
0.204, 0.068, 0.067, 0.045, 0.135, 0.035
0.256, 0.071, 0.075, 0.043, 0.115, 0.034
0.285, 0.083, 0.066, 0.042, 0.115, 0.042
0.237, 0.09, 0.077, 0.049, 0.11, 0.035
0.265, 0.078, 0.066, 0.044, 0.111, 0.035
0.243, 0.095, 0.065, 0.046, 0.119, 0.038
0.279, 0.08, 0.065, 0.046, 0.104, 0.034
0.266, 0.07, 0.064, 0.078, 0.121, 0.119
0.251, 0.082, 0.034, 0.039, 0.091, 0.035
0.265, 0.037, 0.029, 0.012, 0.096, 0.138
0.222, 0.028, 0.033, 0.01, 0.102, 0.168
0.248, 0.053, 0.038, 0.011, 0.062, 0.042
0.27, 0.064, 0.051, 0.034, 0.064, 0.059
0.219, 0.106, 0.073, 0.046, 0.132, 0.107
0.284, 0.053, 0.059, 0.029, 0.239, 0.156
0.281, 0.04, 0.041, 0.036, 0.075, 0.044
0.265, 0.052, 0.04, 0.021, 0.11, 0.041
0.251, 0.035, 0.037, 0.019, 0.076, 0.038
0.269, 0.033, 0.039, 0.021, 0.058, 0.032
0.236, 2.676, 3.992, 0.028, 0.066, 0.045
0.24, 0.037, 0.042, 0.022, 0.068, 0.047
0.239, 0.036, 0.039, 0.014, 0.08, 0.102
0.284, 0.035, 0.04, 0.013, 0.075, 0.109
0.238, 0.035, 0.037, 0.013, 0.096, 0.146
0.31, 0.035, 0.039, 0.013, 0.101, 0.119
0.239, 0.032, 0.049, 0.01, 0.053, 0.046
0.267, 0.043, 0.039, 0.033, 0.078, 0.07
0.256, 0.231, 0.047, 0.031, 0.082, 0.053
0.193, 0.034, 0.029, 0.037, 0.076, 0.046
0.207, 0.032, 0.03, 0.01, 0.056, 0.044
0.172, 0.022, 0.024, 0.009, 0.056, 0.043
0.167, 0.022, 0.026, 0.009, 0.07, 0.044
0.186, 0.024, 0.033, 0.01, 0.07, 0.043
0.221, 0.05, 0.032, 0.021, 0.092, 0.064
0.174, 0.022, 0.027, 0.011, 0.066, 0.041
0.183, 0.02, 0.025, 0.01, 0.076, 0.03
0.179, 0.023, 0.019, 0.01, 0.107, 0.125
0.18, 0.044, 0.031, 0.011, 0.085, 0.065
0.216, 0.028, 0.03, 0.009, 0.083, 0.037
0.191, 0.027, 0.029, 0.009, 0.082, 0.044
0.203, 0.041, 0.03, 0.011, 0.083, 0.047
0.231, 0.044, 0.031, 0.01, 0.105, 0.114
0.189, 0.04, 0.038, 0.02, 0.08, 0.061
0.209, 0.033, 0.034, 0.012, 0.071, 0.056
0.196, 0.039, 0.033, 0.015, 0.108, 0.119
0.196, 0.031, 0.03, 0.016, 0.082, 0.088
0.32, 0.033, 0.029, 0.018, 0.081, 0.045
0.267, 0.035, 0.03, 0.032, 0.068, 0.042
0.266, 0.022, 0.026, 0.013, 0.059, 0.042
0.309, 0.03, 0.029, 0.018, 0.069, 0.039
0.244, 0.026, 0.029, 0.015, 0.074, 0.038
0.274, 0.023, 0.026, 0.012, 0.061, 0.038
0.252, 0.022, 0.026, 0.011, 0.067, 0.035
0.281, 0.037, 0.03, 0.025, 0.068, 0.037
0.267, 0.033, 0.028, 0.028, 0.078, 0.037
0.278, 0.204, 0.031, 0.014, 0.104, 0.035
0.281, 0.028, 0.028, 0.018, 0.073, 0.039
0.252, 0.043, 0.03, 0.02, 0.075, 0.036
0.247, 0.028, 0.027, 0.014, 0.07, 0.04
0.274, 0.023, 0.024, 0.012, 0.052, 0.037
0.271, 0.024, 0.024, 0.011, 0.066, 0.034
0.263, 0.022, 0.024, 0.009, 0.049, 0.033
0.287, 0.035, 0.032, 0.026, 0.062, 0.039
0.293, 0.047, 0.033, 0.023, 0.084, 0.035
0.276, 0.067, 0.054, 0.04, 0.093, 0.083
0.486, 0.079, 0.068, 0.041, 0.111, 0.076
0.27, 0.055, 0.044, 0.024, 0.066, 0.054
0.287, 0.045, 0.037, 0.015, 0.064, 0.039
0.236, 0.04, 0.032, 0.011, 0.078, 0.038
0.221, 0.043, 0.234, 0.016, 0.076, 0.043
0.286, 0.032, 0.031, 0.018, 0.074, 0.044
0.24, 0.027, 0.03, 0.01, 0.072, 0.028
0.247, 0.032, 0.034, 0.009, 0.064, 0.031
0.287, 0.028, 0.032, 0.012, 0.073, 0.032
0.224, 0.04, 0.028, 0.014, 0.095, 0.04
0.285, 0.026, 0.041, 0.01, 0.061, 0.033
0.242, 0.03, 0.032, 0.012, 0.076, 0.038
0.264, 0.032, 0.028, 0.008, 0.063, 0.03
0.298, 0.04, 0.031, 0.009, 0.06, 0.032
0.333, 0.048, 0.035, 0.011, 0.074, 0.035
0.265, 0.037, 0.035, 0.011, 0.069, 0.034
0.284, 0.034, 0.028, 0.009, 0.067, 0.033
0.208, 0.027, 0.036, 0.009, 0.061, 0.043
0.222, 0.037, 0.079, 0.009, 0.077, 0.042
0.183, 0.045, 0.034, 0.013, 0.081, 0.051
0.227, 0.04, 0.036, 0.012, 0.079, 0.04
0.215, 0.06, 0.041, 0.012, 0.084, 0.044
0.209, 0.069, 0.068, 0.01, 0.076, 0.034
0.212, 0.036, 0.049, 0.009, 0.076, 0.057
0.208, 0.044, 0.055, 0.012, 0.079, 0.04
0.244, 0.043, 0.048, 0.015, 0.078, 0.039
0.255, 0.056, 0.053, 0.012, 0.078, 0.051
0.207, 0.042, 0.048, 0.016, 0.069, 0.045
0.214, 0.042, 0.045, 0.011, 0.062, 0.038
0.194, 0.046, 0.047, 0.008, 0.069, 0.045
0.217, 0.037, 0.044, 0.011, 0.049, 0.035
0.21, 0.043, 0.046, 0.018, 0.059, 0.06
0.211, 0.045, 0.045, 0.02, 0.062, 0.074
0.211, 0.04, 0.043, 0.031, 0.076, 0.08
0.221, 0.038, 0.046, 0.029, 0.077, 0.054
0.194, 0.037, 0.044, 0.025, 0.068, 0.047
0.194, 0.035, 0.04, 0.021, 0.059, 0.045
0.233, 0.035, 0.041, 0.017, 0.064, 0.051
0.224, 0.039, 0.043, 0.018, 0.082, 0.046
0.215, 0.042, 0.047, 0.02, 0.069, 0.044
0.216, 0.088, 0.094, 0.018, 0.079, 0.054
0.218, 0.045, 0.053, 0.018, 0.088, 0.046
0.237, 0.108, 0.116, 0.014, 0.08, 0.039
0.208, 0.074, 0.078, 0.012, 0.071, 0.042
0.234, 0.055, 0.057, 0.024, 0.086, 0.056
0.245, 0.077, 0.092, 0.021, 0.086, 0.051
0.205, 0.04, 0.046, 0.024, 0.079, 0.05
0.22, 0.046, 0.048, 0.034, 0.094, 0.067
0.22, 0.047, 0.055, 0.02, 0.063, 0.046
0.234, 0.054, 0.048, 0.013, 0.072, 0.039
0.219, 0.046, 0.05, 0.015, 0.084, 0.05
0.205, 0.059, 0.052, 0.034, 0.105, 0.073
0.261, 0.095, 0.067, 0.056, 0.148, 0.065
0.219, 0.043, 0.055, 0.011, 0.094, 0.06
0.213, 0.069, 0.06, 0.013, 0.101, 0.055
0.257, 0.068, 0.079, 0.011, 0.083, 0.041
0.284, 0.059, 0.062, 0.019, 0.141, 0.073
0.235, 0.064, 0.072, 0.029, 0.113, 0.064
0.234, 0.072, 0.061, 0.012, 0.09, 0.051
0.236, 0.055, 0.062, 0.011, 0.086, 0.044
0.219, 0.065, 0.068, 0.016, 0.208, 0.034
0.261, 0.067, 0.087, 0.046, 0.134, 0.047
0.242, 0.052, 0.064, 0.014, 0.098, 0.045
0.231, 0.06, 0.06, 0.011, 0.089, 0.044
0.242, 0.059, 0.056, 0.014, 0.095, 0.038
0.201, 0.047, 0.056, 0.01, 0.085, 0.041
0.222, 0.048, 0.053, 0.014, 0.093, 0.04
0.262, 0.059, 0.057, 0.029, 0.109, 0.047
0.263, 0.045, 0.051, 0.016, 0.093, 0.046
0.354, 0.059, 0.059, 0.018, 0.088, 0.045
0.294, 0.054, 0.062, 0.014, 0.086, 0.045
0.299, 0.049, 0.068, 0.011, 0.077, 0.046
0.283, 0.045, 0.052, 0.011, 0.08, 0.041
0.232, 0.048, 0.053, 0.012, 0.086, 0.037
0.262, 0.046, 0.055, 0.01, 0.065, 0.04
0.276, 0.055, 0.064, 0.026, 0.095, 0.047
0.284, 0.058, 0.057, 0.024, 0.094, 0.041
0.259, 0.051, 0.057, 0.016, 0.069, 0.037
0.281, 0.088, 0.087, 0.014, 0.076, 0.046
0.265, 0.062, 0.064, 0.015, 0.076, 0.048
0.238, 0.056, 0.057, 0.016, 0.094, 0.033
0.247, 0.056, 0.057, 0.02, 0.099, 0.045
0.254, 0.059, 0.064, 0.018, 0.099, 0.044
0.291, 0.056, 0.061, 0.011, 0.085, 0.039
0.269, 0.047, 0.053, 0.014, 0.066, 0.039
0.295, 0.061, 0.059, 0.032, 0.112, 0.042
0.264, 0.053, 0.37, 0.043, 0.139, 0.097
0.245, 0.044, 0.057, 0.023, 0.11, 0.089
0.234, 0.04, 0.05, 0.013, 0.088, 0.066
0.311, 0.046, 0.056, 0.021, 0.079, 0.043
0.292, 0.049, 0.059, 0.015, 0.101, 0.041
0.254, 0.059, 0.071, 0.023, 0.094, 0.045
0.268, 0.063, 0.061, 0.036, 0.119, 0.05
0.254, 0.069, 0.064, 0.044, 0.099, 0.043
0.25, 0.057, 0.06, 0.026, 0.112, 0.038
0.27, 0.055, 0.062, 0.027, 0.094, 0.052
0.296, 0.059, 0.066, 0.025, 0.093, 0.039
0.181, 0.052, 0.054, 0.017, 0.099, 0.066
0.25, 0.047, 0.055, 0.012, 0.079, 0.043
0.182, 0.045, 0.051, 0.012, 0.078, 0.032
0.215, 0.05, 0.056, 0.014, 0.081, 0.037
0.192, 0.058, 0.056, 0.017, 0.081, 0.033
0.216, 0.08, 0.066, 0.044, 0.125, 0.033
0.194, 0.056, 0.059, 0.021, 0.129, 0.115
0.222, 0.068, 0.061, 0.032, 0.126, 0.067
0.227, 0.061, 0.064, 0.019, 0.089, 0.038
0.204, 0.049, 0.056, 0.017, 0.096, 0.03
0.183, 0.056, 0.056, 0.02, 0.155, 0.151
0.178, 0.053, 0.056, 0.018, 0.095, 0.042
0.169, 0.053, 0.054, 0.019, 0.097, 0.037
0.203, 0.058, 0.059, 0.02, 0.112, 0.062
0.167, 0.05, 0.057, 0.014, 0.091, 0.034
0.193, 0.06, 0.064, 0.019, 0.103, 0.047
0.249, 0.078, 0.083, 0.043, 0.134, 0.044
0.204, 0.078, 0.064, 0.042, 0.145, 0.078
0.194, 0.05, 0.061, 0.025, 0.102, 0.038
0.204, 0.221, 0.06, 0.016, 0.087, 0.036
0.2, 0.059, 0.052, 0.024, 0.099, 0.033
0.202, 0.052, 0.053, 0.018, 0.102, 0.031
0.187, 0.052, 0.054, 0.011, 0.083, 0.034
0.2, 0.065, 0.056, 0.043, 0.128, 0.037
0.209, 0.056, 0.053, 0.034, 0.085, 0.034
0.209, 0.046, 0.051, 0.012, 0.064, 0.037
0.204, 0.057, 0.054, 0.025, 0.091, 0.035
0.189, 0.046, 0.05, 0.014, 0.064, 0.031
0.272, 0.046, 0.05, 0.013, 0.06, 0.034
0.255, 0.051, 0.05, 0.013, 0.073, 0.059
0.286, 0.082, 0.06, 0.054, 0.144, 0.05
0.263, 0.065, 0.055, 0.04, 0.143, 0.071
0.255, 0.059, 0.051, 0.03, 0.082, 0.028
0.257, 0.355, 0.451, 0.018, 0.067, 0.038
0.277, 0.054, 0.05, 0.012, 0.082, 0.045
0.252, 0.058, 0.051, 0.022, 0.106, 0.115
0.269, 0.058, 0.051, 0.015, 0.073, 0.046
0.202, 0.063, 0.06, 0.025, 0.117, 0.054
0.195, 0.051, 0.052, 0.012, 0.078, 0.034
0.177, 0.055, 0.054, 0.011, 0.072, 0.032
0.186, 0.049, 0.053, 0.011, 0.074, 0.03
0.181, 0.073, 0.08, 0.015, 0.088, 0.037
0.201, 0.051, 0.06, 0.013, 0.083, 0.06
0.221, 0.053, 0.05, 0.014, 0.085, 0.038
0.174, 0.051, 0.057, 0.021, 0.089, 0.032
0.179, 0.056, 0.058, 0.017, 0.09, 0.034
0.184, 0.052, 0.055, 0.012, 0.078, 0.029
0.177, 0.056, 0.051, 0.014, 0.121, 0.031
0.193, 0.062, 0.061, 0.021, 0.09, 0.033
0.19, 0.056, 0.071, 0.019, 0.098, 0.038
0.207, 0.054, 0.072, 0.02, 0.088, 0.037
0.171, 0.052, 0.057, 0.019, 0.097, 0.037
0.17, 0.035, 0.059, 0.015, 0.099, 0.029
0.218, 0.051, 0.061, 0.029, 0.099, 0.039
0.185, 0.049, 0.058, 0.017, 0.104, 0.038
0.178, 0.049, 0.057, 0.012, 0.098, 0.038
0.166, 0.069, 0.063, 0.013, 0.061, 0.044
0.176, 0.055, 0.057, 0.012, 0.08, 0.042
0.268, 0.068, 0.057, 0.013, 0.086, 0.035
0.171, 0.069, 0.068, 0.015, 0.087, 0.036
0.177, 0.061, 0.066, 0.01, 0.092, 0.032
0.173, 0.055, 0.093, 0.013, 0.075, 0.046
0.179, 0.052, 0.062, 0.017, 0.111, 0.036
0.171, 0.052, 0.055, 0.015, 0.092, 0.032
0.176, 0.058, 0.056, 0.018, 0.101, 0.033
0.181, 0.051, 0.056, 0.018, 0.089, 0.044
0.178, 0.062, 0.056, 0.01, 0.083, 0.038
0.162, 0.052, 0.061, 0.012, 0.079, 0.027
0.177, 0.056, 0.09, 0.017, 0.089, 0.031
0.192, 0.06, 0.06, 0.029, 0.113, 0.049
0.177, 0.053, 0.059, 0.018, 0.103, 0.034
0.181, 0.048, 0.055, 0.011, 0.083, 0.044
0.193, 0.053, 0.058, 0.017, 0.122, 0.05
0.168, 0.052, 0.056, 0.018, 0.088, 0.039
0.195, 0.054, 0.061, 0.016, 0.085, 0.031
0.186, 0.05, 0.051, 0.016, 0.089, 0.037
0.185, 0.05, 0.06, 0.014, 0.087, 0.035
0.28, 0.051, 0.056, 0.014, 0.083, 0.038
0.182, 0.049, 0.054, 0.011, 0.067, 0.029
0.173, 0.048, 0.055, 0.01, 0.056, 0.034
0.156, 0.056, 0.054, 0.01, 0.06, 0.03
0.184, 0.047, 0.056, 0.012, 0.059, 0.035
0.173, 0.046, 0.058, 0.009, 0.093, 0.107
0.181, 0.073, 0.063, 0.021, 0.16, 0.109
0.19, 0.052, 0.059, 0.011, 0.091, 0.047
0.193, 0.062, 0.06, 0.013, 0.099, 0.055
0.19, 0.053, 0.06, 0.011, 0.09, 0.037
0.188, 0.064, 0.063, 0.021, 0.139, 0.106
0.178, 0.056, 0.063, 0.021, 0.114, 0.042
0.16, 0.05, 0.056, 0.015, 0.093, 0.038
0.159, 0.074, 0.067, 0.039, 0.128, 0.038
0.158, 0.061, 0.058, 0.023, 0.118, 0.085
0.19, 0.067, 0.064, 0.029, 0.116, 0.065
0.216, 0.061, 0.066, 0.019, 0.084, 0.038
0.191, 0.058, 0.057, 0.016, 0.104, 0.037
0.17, 0.057, 0.059, 0.012, 0.117, 0.095
0.161, 0.062, 0.059, 0.018, 0.095, 0.039
0.158, 0.061, 0.06, 0.029, 0.117, 0.044
0.16, 0.062, 0.065, 0.03, 0.109, 0.036
0.157, 0.057, 0.062, 0.022, 0.097, 0.031
0.169, 0.057, 0.063, 0.021, 0.1, 0.034
0.162, 0.062, 0.061, 0.022, 0.092, 0.034
0.18, 0.064, 0.061, 0.027, 0.104, 0.029
0.171, 0.059, 0.064, 0.018, 0.084, 0.037
0.172, 0.063, 0.058, 0.02, 0.101, 0.04
0.161, 0.048, 0.068, 0.02, 0.087, 0.034
0.177, 0.058, 0.073, 0.018, 0.096, 0.039
0.164, 0.055, 0.079, 0.019, 0.092, 0.033
0.187, 0.054, 0.072, 0.02, 0.105, 0.054
0.16, 0.057, 0.076, 0.017, 0.094, 0.039
0.167, 0.06, 0.073, 0.021, 0.1, 0.027
0.275, 0.059, 0.063, 0.024, 0.1, 0.037
0.201, 0.063, 0.063, 0.029, 0.115, 0.044
0.276, 0.06, 0.066, 0.021, 0.1, 0.056
0.199, 0.05, 0.061, 0.016, 0.099, 0.043
0.23, 0.062, 0.061, 0.019, 0.106, 0.049
0.195, 0.054, 0.062, 0.014, 0.094, 0.043
0.238, 0.048, 0.057, 0.015, 0.092, 0.042
0.209, 0.066, 0.066, 0.036, 0.123, 0.039
0.211, 0.077, 0.065, 0.046, 0.133, 0.034
0.236, 0.12, 0.051, 0.031, 0.125, 0.04
0.219, 0.057, 0.059, 0.038, 0.113, 0.039
0.214, 0.047, 0.068, 0.021, 0.097, 0.032
0.207, 0.048, 0.054, 0.023, 0.101, 0.043
0.228, 0.047, 0.054, 0.016, 0.103, 0.036
0.212, 0.048, 0.064, 0.012, 0.111, 0.108
0.254, 0.055, 0.054, 0.025, 0.14, 0.085
0.177, 0.061, 0.06, 0.041, 0.129, 0.043
0.307, 0.099, 0.065, 0.053, 0.161, 0.044
0.289, 0.104, 0.039, 0.056, 0.171, 0.031
0.195, 0.079, 0.068, 0.053, 0.162, 0.033
0.161, 0.095, 0.055, 0.053, 0.147, 0.029
0.19, 0.093, 0.099, 0.036, 0.108, 0.032
0.245, 0.067, 0.058, 0.042, 0.13, 0.049
0.206, 0.057, 0.061, 0.019, 0.098, 0.04
0.224, 0.075, 0.097, 0.016, 0.099, 0.033
0.186, 0.105, 0.094, 0.022, 0.119, 0.081
0.204, 0.095, 0.095, 0.023, 0.11, 0.036
0.18, 0.066, 0.084, 0.024, 0.11, 0.071
0.299, 0.068, 0.1, 0.038, 0.149, 0.081
0.22, 0.062, 0.066, 0.025, 0.116, 0.057
0.166, 0.053, 0.079, 0.019, 0.09, 0.034
0.187, 0.061, 0.058, 0.017, 0.093, 0.044
0.208, 0.043, 0.062, 0.022, 0.104, 0.032
0.199, 0.056, 0.073, 0.036, 0.112, 0.03
0.227, 0.082, 0.771, 0.02, 0.106, 0.031
0.278, 0.064, 0.066, 0.032, 0.115, 0.029
0.315, 0.061, 0.059, 0.027, 0.107, 0.03
0.213, 0.054, 0.054, 0.016, 0.085, 0.043
0.261, 0.056, 0.053, 0.026, 0.098, 0.029
0.247, 0.056, 0.054, 0.012, 0.09, 0.03
0.236, 0.049, 0.053, 0.013, 0.105, 0.095
0.188, 0.051, 0.055, 0.017, 0.11, 0.059
0.23, 0.056, 0.062, 0.019, 0.138, 0.146
0.236, 0.05, 0.599, 0.018, 0.111, 0.06
0.234, 0.055, 0.061, 0.025, 0.165, 0.148
0.241, 0.065, 0.058, 0.019, 0.104, 0.042
0.193, 0.058, 0.058, 0.014, 0.089, 0.038
0.21, 0.098, 0.1, 0.017, 0.106, 0.041
0.173, 0.057, 0.071, 0.017, 0.094, 0.041
0.189, 1.864, 0.077, 0.042, 0.161, 0.058
0.229, 0.086, 0.078, 0.04, 0.142, 0.077
0.232, 0.051, 0.06, 0.016, 0.094, 0.054
0.26, 0.086, 0.1, 0.019, 0.1, 0.072
0.185, 0.053, 0.059, 0.019, 0.091, 0.04
0.246, 0.056, 0.063, 0.03, 0.116, 0.06
0.229, 0.07, 0.072, 0.029, 0.116, 0.064
0.229, 0.064, 0.07, 0.018, 0.093, 0.048
0.203, 0.059, 0.062, 0.017, 0.089, 0.047
0.207, 0.051, 0.062, 0.014, 0.093, 0.052
0.166, 0.061, 0.083, 0.014, 0.087, 0.042
0.204, 0.061, 0.056, 0.02, 0.095, 0.038
0.23, 0.053, 0.063, 0.019, 0.129, 0.115
0.209, 0.443, 0.064, 0.013, 0.089, 0.046
0.277, 0.057, 0.055, 0.025, 0.109, 0.066
0.217, 0.059, 0.058, 0.019, 0.097, 0.054
0.219, 0.058, 0.063, 0.016, 0.127, 0.086
0.276, 0.065, 0.058, 0.019, 0.125, 0.042
0.294, 0.053, 0.053, 0.015, 0.085, 0.031
0.282, 0.052, 0.057, 0.013, 0.086, 0.042
0.294, 0.056, 0.055, 0.017, 0.092, 0.045
0.346, 0.059, 0.061, 0.017, 0.091, 0.044
0.284, 0.059, 0.065, 0.024, 0.137, 0.132
0.262, 0.06, 0.056, 0.029, 0.121, 0.055
0.246, 0.063, 0.062, 0.026, 0.137, 0.082
0.307, 0.063, 0.056, 0.03, 0.106, 0.042
0.265, 0.05, 0.059, 0.024, 0.103, 0.034
0.258, 0.071, 0.06, 0.037, 0.122, 0.039
0.218, 0.069, 0.062, 0.033, 0.116, 0.04
0.224, 0.068, 0.073, 0.041, 0.107, 0.088
0.204, 0.071, 0.076, 0.022, 0.093, 0.04
0.248, 0.061, 0.06, 0.024, 0.095, 0.037
0.225, 0.062, 0.061, 0.033, 0.109, 0.038
0.24, 0.051, 0.054, 0.027, 0.102, 0.037
0.185, 0.051, 0.054, 0.017, 0.087, 0.032
0.241, 0.073, 0.088, 0.017, 0.091, 0.035
0.261, 0.058, 0.06, 0.024, 0.098, 0.033
0.208, 0.049, 0.059, 0.016, 0.081, 0.034
0.191, 0.051, 0.058, 0.015, 0.086, 0.035
0.214, 0.057, 0.061, 0.012, 0.084, 0.032
0.207, 0.052, 0.06, 0.013, 0.078, 0.031
0.188, 0.056, 0.06, 0.019, 0.098, 0.043
0.302, 0.066, 0.073, 0.024, 0.104, 0.041
0.345, 0.079, 0.073, 0.029, 0.102, 0.046
0.377, 0.064, 0.082, 0.021, 0.089, 0.046
0.281, 0.061, 0.057, 0.05, 0.1, 0.034
0.253, 0.049, 0.06, 0.021, 0.079, 0.032
0.276, 0.041, 0.051, 0.013, 0.07, 0.037
0.251, 0.05, 0.061, 0.012, 0.073, 0.031
0.211, 0.059, 0.055, 0.014, 0.074, 0.034
0.233, 0.04, 0.042, 0.012, 0.073, 0.03
0.213, 0.048, 0.047, 0.01, 0.07, 0.029
0.26, 0.045, 0.045, 0.009, 0.078, 0.031
0.226, 0.042, 0.05, 0.009, 0.068, 0.03
0.253, 0.204, 0.054, 0.01, 0.074, 0.031
0.264, 0.062, 0.053, 0.026, 0.087, 0.034
0.277, 0.069, 0.083, 0.012, 0.078, 0.044
0.177, 0.052, 0.075, 0.039, 0.119, 0.04
0.252, 0.029, 0.029, 0.01, 0.075, 0.043
0.197, 0.046, 0.034, 0.015, 0.091, 0.042
0.183, 0.029, 0.034, 0.01, 0.075, 0.056
0.24, 0.049, 0.029, 0.018, 0.082, 0.043
0.222, 0.035, 0.037, 0.01, 0.073, 0.036
0.25, 0.122, 0.117, 0.027, 0.099, 0.039
0.252, 0.054, 0.064, 0.012, 0.074, 0.032
0.207, 0.048, 0.062, 0.011, 0.076, 0.043
0.2, 0.06, 0.068, 0.027, 0.098, 0.035
0.237, 0.053, 0.064, 0.023, 0.087, 0.033
0.203, 0.054, 0.074, 0.024, 0.086, 0.03
0.186, 0.064, 0.071, 0.036, 0.095, 0.036
0.212, 0.063, 0.072, 0.016, 0.081, 0.029
0.194, 0.059, 0.068, 0.021, 0.081, 0.03
0.204, 0.058, 0.066, 0.02, 0.087, 0.035
0.279, 0.059, 0.06, 0.021, 0.208, 0.029
0.211, 0.05, 0.056, 0.034, 0.081, 0.027
0.21, 0.044, 0.057, 0.015, 0.07, 0.036
0.188, 0.063, 0.057, 0.013, 0.074, 0.033
0.201, 0.061, 0.062, 0.011, 0.073, 0.03
0.222, 0.053, 0.063, 0.019, 0.08, 0.036
0.227, 0.053, 0.192, 0.015, 0.123, 0.164
0.267, 0.078, 0.062, 0.019, 0.087, 0.041
0.258, 0.038, 0.041, 0.011, 0.085, 0.045
0.217, 0.046, 0.051, 0.037, 0.115, 0.06
0.204, 0.044, 0.047, 0.03, 0.084, 0.041
0.254, 0.045, 0.043, 0.017, 0.072, 0.035
0.261, 0.043, 0.044, 0.028, 0.1, 0.04
0.199, 0.054, 0.035, 0.04, 0.093, 0.037
0.201, 0.035, 0.033, 0.012, 0.081, 0.04
0.206, 0.025, 0.054, 0.01, 0.072, 0.042
0.197, 0.026, 0.065, 0.01, 0.085, 0.191
0.177, 0.027, 0.057, 0.011, 0.08, 0.055
0.205, 0.034, 0.047, 0.012, 0.13, 0.081
0.22, 0.031, 0.034, 0.017, 0.103, 0.076
0.198, 0.025, 0.022, 0.012, 0.076, 0.05
0.16, 0.024, 0.026, 0.009, 0.073, 0.051
0.156, 0.036, 0.026, 0.009, 0.069, 0.044
0.232, 0.402, 0.036, 0.014, 0.085, 0.055
0.193, 0.029, 0.039, 0.014, 0.083, 0.072
0.253, 0.038, 0.057, 0.028, 0.103, 0.066
0.204, 0.034, 0.038, 0.033, 0.096, 0.056
0.22, 0.047, 0.032, 0.028, 0.098, 0.047
0.191, 0.03, 0.031, 0.016, 0.079, 0.038
0.204, 0.029, 0.029, 0.014, 0.075, 0.041
0.19, 0.031, 0.031, 0.021, 0.082, 0.04
0.196, 0.027, 0.028, 0.02, 0.078, 0.036
0.229, 0.024, 0.028, 0.016, 0.069, 0.035
0.169, 0.026, 0.028, 0.015, 0.072, 0.038
0.184, 0.027, 0.026, 0.011, 0.074, 0.039
0.198, 0.026, 0.043, 0.017, 0.091, 0.056
0.189, 0.025, 0.027, 0.014, 0.079, 0.046
0.186, 0.027, 0.031, 0.014, 0.081, 0.035
0.21, 0.037, 0.031, 0.033, 0.103, 0.089
0.354, 0.038, 0.032, 0.034, 0.092, 0.043
0.217, 0.033, 0.032, 0.017, 0.094, 0.06
0.192, 0.031, 0.03, 0.014, 0.082, 0.044
0.176, 0.031, 0.032, 0.014, 0.076, 0.045
0.174, 0.033, 0.033, 0.018, 0.08, 0.051
0.197, 0.029, 0.03, 0.018, 0.087, 0.05
0.305, 0.312, 0.043, 0.027, 0.094, 0.068
0.262, 0.03, 0.027, 0.023, 0.092, 0.05
0.209, 0.026, 0.027, 0.015, 0.084, 0.039
0.203, 0.028, 0.043, 0.019, 0.091, 0.056
0.2, 0.318, 0.083, 0.018, 0.079, 0.052
0.205, 0.034, 0.041, 0.018, 0.081, 0.053
0.188, 0.036, 0.053, 0.021, 0.12, 0.056
0.243, 0.045, 0.109, 0.042, 0.089, 0.057
0.219, 0.047, 0.058, 0.046, 0.09, 0.056
0.199, 0.037, 0.044, 0.038, 0.093, 0.049
0.228, 0.028, 0.037, 0.03, 0.075, 0.047
0.226, 0.025, 0.05, 0.013, 0.077, 0.037
0.245, 0.025, 0.028, 0.016, 0.076, 0.041
0.32, 0.031, 0.033, 0.013, 0.07, 0.034
0.241, 0.027, 0.033, 0.012, 0.069, 0.03
0.207, 0.03, 0.027, 0.01, 0.069, 0.032
0.208, 8.296, 0.05, 0.044, 0.096, 0.076
0.215, 0.04, 0.032, 0.016, 0.07, 0.043
0.254, 0.024, 0.028, 0.01, 0.076, 0.029
0.243, 0.036, 0.03, 0.023, 0.085, 0.039
0.444, 0.026, 0.027, 0.011, 0.07, 0.033
0.237, 0.032, 0.047, 0.015, 0.082, 0.063
0.224, 0.038, 0.04, 0.014, 0.07, 0.038
0.2, 0.029, 0.03, 0.011, 0.111, 0.107
0.168, 0.03, 0.028, 0.009, 0.066, 0.039
0.197, 0.149, 0.03, 0.012, 0.071, 0.036
0.257, 0.028, 0.027, 0.012, 0.075, 0.032
0.348, 0.024, 0.036, 0.009, 0.067, 0.03
0.228, 0.027, 0.03, 0.009, 0.086, 0.12
0.164, 0.029, 0.03, 0.01, 0.077, 0.048
0.173, 0.027, 0.025, 0.008, 0.066, 0.037
0.179, 0.025, 0.028, 0.009, 0.066, 0.043
0.187, 0.038, 0.027, 0.01, 0.144, 0.159
0.158, 0.035, 0.131, 0.036, 0.09, 0.052
0.171, 0.031, 0.029, 0.01, 0.079, 0.044
0.174, 0.024, 0.024, 0.009, 0.125, 0.14
0.178, 0.026, 0.029, 0.011, 0.081, 0.044
0.198, 0.026, 0.034, 0.019, 0.09, 0.034
0.176, 0.032, 0.035, 0.012, 0.087, 0.03
0.246, 0.083, 0.09, 0.011, 0.073, 0.032
0.213, 0.045, 0.049, 0.02, 0.098, 0.081
0.19, 0.041, 0.044, 0.01, 0.071, 0.032
0.233, 0.047, 0.056, 0.011, 0.071, 0.032
0.211, 0.061, 0.048, 0.017, 0.075, 0.03
0.2, 0.043, 0.049, 0.012, 0.072, 0.031
0.196, 0.044, 0.05, 0.02, 0.078, 0.032
0.178, 0.164, 0.054, 0.015, 0.071, 0.028
0.236, 0.048, 0.404, 0.021, 0.085, 0.033
0.249, 0.042, 0.055, 0.018, 0.074, 0.031
0.212, 0.042, 0.032, 0.011, 0.073, 0.035
0.198, 0.032, 0.055, 0.012, 0.069, 0.031
0.193, 0.044, 0.035, 0.012, 0.068, 0.027
0.188, 0.034, 0.056, 0.012, 0.076, 0.028
0.186, 0.042, 0.049, 0.021, 0.085, 0.038
0.219, 0.035, 0.055, 0.016, 0.077, 0.046
0.179, 0.044, 0.054, 0.017, 0.078, 0.039
0.207, 0.048, 0.045, 0.033, 0.092, 0.074
0.244, 0.046, 0.042, 0.021, 0.086, 0.059
0.263, 0.066, 0.044, 0.034, 0.11, 0.083
0.22, 0.043, 0.042, 0.031, 0.093, 0.072
0.23, 0.035, 0.037, 0.018, 0.074, 0.044
0.204, 0.036, 0.033, 0.025, 0.085, 0.084
0.198, 0.038, 0.041, 0.017, 0.087, 0.056
0.243, 0.072, 0.062, 0.048, 0.131, 0.063
0.242, 0.052, 0.042, 0.023, 0.1, 0.047
0.216, 0.054, 0.05, 0.015, 0.09, 0.037
0.234, 0.066, 0.058, 0.045, 0.177, 0.078
0.229, 0.074, 0.068, 0.029, 0.11, 0.048
0.189, 0.05, 0.065, 0.026, 0.108, 0.049
0.277, 3.528, 0.066, 0.043, 0.109, 0.081
0.185, 0.058, 0.06, 0.02, 0.095, 0.041
0.195, 0.053, 0.059, 0.014, 0.113, 0.112
0.187, 0.05, 0.058, 0.015, 0.083, 0.029
0.201, 0.051, 0.066, 0.018, 0.084, 0.033
0.219, 0.051, 0.058, 0.013, 0.088, 0.037
0.188, 0.052, 0.054, 0.027, 0.104, 0.032
0.218, 0.046, 0.053, 0.021, 0.089, 0.032
0.196, 0.045, 0.054, 0.016, 0.081, 0.03
0.196, 0.044, 0.056, 0.014, 0.08, 0.027
0.186, 0.047, 0.05, 0.014, 0.08, 0.029
0.244, 0.051, 0.064, 0.016, 0.147, 0.157
0.192, 0.062, 0.059, 0.024, 0.098, 0.07
0.223, 0.049, 0.056, 0.013, 0.084, 0.047
0.241, 0.049, 0.06, 0.012, 0.085, 0.06
0.21, 0.055, 0.059, 0.015, 0.096, 0.077
0.233, 0.056, 0.056, 0.019, 0.088, 0.034
0.216, 0.051, 0.056, 0.015, 0.099, 0.034
0.164, 0.059, 0.063, 0.026, 0.103, 0.045
0.375, 0.746, 0.067, 0.026, 0.102, 0.037
0.24, 0.056, 0.061, 0.015, 0.184, 0.115
0.279, 0.05, 0.045, 0.034, 0.088, 0.058
0.222, 0.046, 0.075, 0.011, 0.099, 0.118
0.206, 0.039, 0.041, 0.01, 0.074, 0.051
0.256, 0.053, 0.04, 0.018, 0.081, 0.047
0.285, 0.035, 0.037, 0.012, 0.081, 0.079
0.198, 0.038, 0.039, 0.01, 0.061, 0.034
0.238, 0.046, 0.045, 0.028, 0.087, 0.052
0.233, 0.067, 0.051, 0.037, 0.094, 0.056
0.212, 0.054, 0.046, 0.036, 0.101, 0.07
0.159, 0.042, 0.045, 0.021, 0.072, 0.053
0.19, 0.041, 0.044, 0.01, 0.072, 0.042
0.185, 0.04, 0.048, 0.011, 0.07, 0.039
0.206, 0.19, 0.059, 0.012, 0.073, 0.056
0.186, 0.045, 0.051, 0.013, 0.079, 0.042
0.273, 0.042, 0.043, 0.036, 0.102, 0.058
0.233, 0.043, 0.041, 0.036, 0.095, 0.059
0.196, 0.032, 0.041, 0.013, 0.076, 0.037
0.211, 0.049, 0.04, 0.016, 0.083, 0.043
0.264, 0.034, 0.046, 0.013, 0.098, 0.099
0.241, 0.038, 0.041, 0.027, 0.1, 0.055
0.182, 0.036, 0.039, 0.016, 0.076, 0.041
0.202, 0.041, 0.055, 0.031, 0.101, 0.05
0.257, 0.041, 0.041, 0.035, 0.09, 0.051
0.169, 0.035, 0.04, 0.026, 0.088, 0.048
0.244, 0.035, 0.036, 0.02, 0.098, 0.104
0.204, 0.032, 0.034, 0.012, 0.068, 0.029
0.181, 0.034, 0.039, 0.019, 0.129, 0.145
0.255, 0.046, 0.49, 0.065, 0.106, 0.064
0.205, 0.029, 0.046, 0.015, 0.082, 0.046
0.165, 0.027, 0.028, 0.012, 0.091, 0.112
0.208, 0.026, 0.03, 0.016, 0.109, 0.148
0.192, 0.022, 0.029, 0.014, 0.121, 0.139
0.208, 0.032, 0.032, 0.013, 0.082, 0.066
0.183, 0.028, 0.028, 0.011, 0.085, 0.055
0.187, 0.028, 0.03, 0.011, 0.119, 0.168
0.183, 0.032, 0.031, 0.009, 0.071, 0.043
0.245, 0.033, 0.033, 0.018, 0.076, 0.038
0.277, 0.092, 0.09, 0.013, 0.079, 0.043
0.31, 0.041, 0.045, 0.01, 0.068, 0.036
0.215, 0.04, 0.046, 0.009, 0.068, 0.038
0.259, 0.029, 0.549, 0.022, 0.111, 0.113
0.337, 0.283, 0.058, 0.033, 0.092, 0.035
0.328, 0.046, 0.045, 0.044, 0.084, 0.037
0.247, 0.038, 0.045, 0.03, 0.077, 0.04
0.278, 0.078, 0.086, 0.017, 0.133, 0.151
0.253, 0.047, 0.051, 0.027, 0.108, 0.078
0.296, 0.04, 0.046, 0.019, 0.076, 0.037
0.325, 0.044, 0.045, 0.019, 0.076, 0.03
0.297, 0.053, 0.097, 0.023, 0.076, 0.03
0.226, 0.05, 0.045, 0.033, 0.089, 0.031
0.224, 0.056, 0.051, 0.023, 0.089, 0.046
0.22, 0.041, 0.042, 0.02, 0.094, 0.041
0.221, 0.043, 0.047, 0.023, 0.087, 0.04
0.179, 0.042, 0.05, 0.023, 0.082, 0.05
0.172, 0.064, 0.045, 0.035, 0.077, 0.037
0.173, 0.03, 0.037, 0.016, 0.075, 0.039
0.272, 0.028, 0.034, 0.012, 0.068, 0.038
0.225, 0.029, 0.037, 0.013, 0.066, 0.036
0.224, 0.032, 0.038, 0.009, 0.065, 0.028
0.271, 0.037, 0.044, 0.011, 0.068, 0.04
0.275, 0.047, 0.045, 0.021, 0.093, 0.039
0.197, 0.028, 0.037, 0.011, 0.062, 0.027
0.2, 0.028, 0.038, 0.012, 0.128, 0.03
0.199, 0.029, 0.038, 0.011, 0.064, 0.029
0.191, 0.03, 0.038, 0.024, 0.143, 0.035
0.217, 0.032, 0.039, 0.011, 0.088, 0.032
0.235, 0.028, 0.037, 0.01, 0.134, 0.144
0.234, 0.06, 0.047, 0.01, 0.075, 0.036
0.317, 0.042, 0.225, 0.014, 0.08, 0.038
0.308, 0.037, 0.046, 0.015, 0.081, 0.039
0.234, 0.038, 0.053, 0.017, 0.086, 0.041
0.214, 0.052, 0.051, 0.013, 0.079, 0.028
0.228, 0.038, 0.055, 0.022, 0.088, 0.033
0.242, 0.034, 0.045, 0.013, 0.105, 0.089
0.246, 0.036, 0.047, 0.015, 0.078, 0.039
0.225, 0.03, 0.044, 0.01, 0.126, 0.153
0.232, 0.04, 0.049, 0.015, 0.096, 0.05
0.189, 0.032, 0.043, 0.012, 0.085, 0.038
0.177, 0.036, 0.045, 0.012, 0.101, 0.075
0.177, 0.064, 0.056, 0.024, 0.141, 0.131
0.16, 0.036, 0.046, 0.012, 0.077, 0.054
0.18, 0.039, 0.043, 0.011, 0.094, 0.112
0.222, 0.036, 0.044, 0.011, 0.086, 0.037
0.169, 0.028, 0.038, 0.011, 0.096, 0.065
0.205, 0.051, 0.063, 0.021, 0.092, 0.063
0.181, 0.03, 0.036, 0.013, 0.097, 0.054
0.199, 0.03, 0.031, 0.012, 0.087, 0.04
0.193, 0.073, 0.053, 0.039, 0.102, 0.047
0.165, 0.046, 0.058, 0.019, 0.087, 0.048
0.176, 0.041, 0.046, 0.014, 0.083, 0.048
0.197, 0.057, 0.037, 0.015, 0.08, 0.048
0.211, 0.052, 0.034, 0.01, 0.075, 0.04
0.215, 0.038, 0.043, 0.014, 0.082, 0.061
0.171, 0.06, 0.038, 0.012, 0.107, 0.136
0.17, 0.052, 0.088, 0.013, 0.088, 0.057
0.219, 0.044, 0.041, 0.023, 0.08, 0.043
0.165, 0.04, 0.048, 0.027, 0.092, 0.032
0.161, 0.044, 0.042, 0.043, 0.084, 0.036
0.184, 0.041, 0.049, 0.042, 0.092, 0.04
0.168, 0.044, 0.04, 0.027, 0.09, 0.037
0.178, 0.05, 0.037, 0.024, 0.102, 0.041
0.241, 0.038, 0.031, 0.015, 0.075, 0.035
0.22, 0.065, 0.069, 0.038, 0.116, 0.114
0.193, 0.043, 0.051, 0.012, 0.073, 0.033
0.199, 0.07, 0.051, 0.045, 0.157, 0.134
0.174, 0.043, 0.047, 0.012, 0.076, 0.039
0.19, 0.038, 0.047, 0.01, 0.215, 0.13
0.182, 0.056, 0.065, 0.048, 0.116, 0.032
0.175, 0.052, 0.06, 0.012, 0.116, 0.104
0.185, 0.046, 0.062, 0.012, 0.137, 0.148
0.167, 0.047, 0.054, 0.01, 0.091, 0.053
0.187, 0.056, 0.062, 0.015, 0.1, 0.047
0.162, 0.064, 0.06, 0.012, 0.082, 0.039
0.189, 0.055, 0.062, 0.009, 0.082, 0.038
0.179, 0.094, 0.059, 0.011, 0.095, 0.043
0.216, 0.068, 0.072, 0.029, 0.133, 0.075
0.175, 0.061, 0.069, 0.013, 0.096, 0.05
0.19, 0.054, 0.062, 0.015, 0.102, 0.043
0.176, 0.072, 0.06, 0.012, 0.089, 0.048
0.191, 0.068, 0.061, 0.013, 0.089, 0.048
0.181, 0.063, 0.045, 0.026, 0.108, 0.05
0.172, 0.064, 0.071, 0.018, 0.098, 0.051
0.165, 0.07, 0.07, 0.014, 0.12, 0.101
0.178, 0.055, 0.105, 0.014, 0.089, 0.04
0.187, 0.046, 0.068, 0.013, 0.083, 0.029
0.176, 0.061, 0.072, 0.035, 0.116, 0.03
0.165, 0.052, 0.059, 0.03, 0.086, 0.029
0.189, 0.046, 0.054, 0.013, 0.127, 0.081
0.27, 0.112, 0.105, 0.054, 0.139, 0.03
0.198, 0.067, 0.063, 0.019, 0.094, 0.035
0.187, 0.077, 0.061, 0.03, 0.109, 0.029
0.178, 0.078, 0.06, 0.047, 0.128, 0.028
0.229, 0.059, 0.06, 0.019, 0.086, 0.031
0.214, 0.057, 0.063, 0.01, 0.182, 0.036
0.217, 0.068, 0.088, 0.043, 0.09, 0.028
0.243, 0.082, 0.073, 0.014, 0.071, 0.032
0.231, 0.047, 0.05, 0.013, 0.07, 0.029
0.314, 0.059, 0.05, 0.01, 0.071, 0.027
4.781, 0.514, 0.08, 0.055, 0.112, 0.085
0.271, 0.05, 0.05, 0.04, 0.084, 0.035
0.259, 0.037, 0.044, 0.012, 0.068, 0.044
0.196, 0.038, 0.046, 0.011, 0.07, 0.044
0.185, 0.055, 0.056, 0.017, 0.088, 0.039
0.185, 0.063, 0.051, 0.017, 0.096, 0.031
0.185, 0.039, 0.044, 0.014, 0.067, 0.041
0.17, 0.044, 0.048, 0.013, 0.068, 0.039
0.192, 0.064, 0.062, 0.054, 0.1, 0.039
0.176, 0.045, 0.051, 0.023, 0.09, 0.03
0.173, 0.036, 0.047, 0.014, 0.063, 0.038
0.164, 0.042, 0.05, 0.011, 0.065, 0.031
0.198, 0.042, 0.048, 0.013, 0.081, 0.035
0.181, 0.04, 0.047, 0.018, 0.066, 0.036
0.195, 0.092, 0.105, 0.015, 0.066, 0.03
0.181, 0.646, 0.061, 0.037, 0.098, 0.037
0.2, 0.058, 0.067, 0.012, 0.081, 0.033
0.182, 0.06, 0.069, 0.014, 0.071, 0.039
0.177, 0.042, 0.055, 0.01, 0.065, 0.03
0.22, 0.042, 0.05, 0.01, 0.069, 0.042
0.21, 0.043, 0.052, 0.015, 0.086, 0.04
0.187, 0.04, 0.051, 0.009, 0.066, 0.046
0.171, 0.041, 0.049, 0.012, 0.069, 0.029
0.212, 0.039, 0.048, 0.009, 0.07, 0.045
0.198, 0.04, 0.049, 0.008, 0.081, 0.04
0.31, 0.051, 0.056, 0.011, 0.072, 0.032
0.255, 0.039, 0.043, 0.009, 0.071, 0.034
0.201, 0.034, 0.039, 0.009, 0.068, 0.032
0.225, 0.089, 0.089, 0.009, 0.089, 0.076
0.285, 0.314, 0.069, 0.023, 0.123, 0.127
0.197, 0.064, 0.06, 0.017, 0.092, 0.07
0.265, 0.052, 0.066, 0.011, 0.125, 0.145
0.201, 0.064, 0.065, 0.011, 0.075, 0.037
0.177, 0.041, 0.047, 0.01, 0.074, 0.035
0.199, 0.045, 0.049, 0.01, 0.07, 0.04
0.312, 0.048, 0.057, 0.015, 0.081, 0.043
0.205, 0.046, 0.049, 0.025, 0.092, 0.046
0.245, 0.042, 0.047, 0.01, 0.073, 0.038
0.21, 0.051, 0.047, 0.012, 0.082, 0.044
0.274, 0.051, 0.049, 0.016, 0.096, 0.041
0.188, 0.041, 0.044, 0.011, 0.097, 0.079
0.202, 0.036, 0.048, 0.01, 0.08, 0.038
0.223, 0.329, 0.052, 0.012, 0.074, 0.038
0.186, 0.049, 0.052, 0.032, 0.096, 0.037
0.179, 0.037, 0.045, 0.013, 0.072, 0.033
0.194, 0.04, 0.043, 0.011, 0.075, 0.037
0.186, 0.041, 0.045, 0.011, 0.075, 0.033
0.232, 0.086, 0.11, 0.023, 0.076, 0.038
0.176, 0.046, 0.056, 0.01, 0.168, 0.045
0.192, 0.061, 0.06, 0.038, 0.084, 0.042
0.182, 0.061, 0.061, 0.04, 0.093, 0.04
0.194, 0.051, 0.059, 0.01, 0.073, 0.032
0.183, 0.051, 0.061, 0.011, 0.066, 0.03
0.195, 5.146, 0.081, 0.054, 0.093, 0.072
0.216, 0.099, 0.123, 0.009, 0.077, 0.036
0.194, 0.055, 0.068, 0.013, 0.068, 0.036
0.217, 0.069, 0.069, 0.033, 0.115, 0.058
0.23, 0.066, 0.068, 0.024, 0.117, 0.051
0.208, 0.056, 0.066, 0.019, 0.092, 0.042
0.21, 0.056, 0.052, 0.014, 0.095, 0.041
0.219, 0.093, 0.122, 0.034, 0.077, 0.041
0.21, 0.063, 0.058, 0.012, 0.088, 0.037
0.239, 0.047, 0.069, 0.013, 0.068, 0.035
0.228, 0.046, 0.057, 0.013, 0.071, 0.038
0.204, 0.075, 0.069, 0.015, 0.101, 0.094
0.286, 0.052, 0.063, 0.013, 0.12, 0.145
0.207, 0.049, 0.058, 0.011, 0.071, 0.035
0.249, 0.047, 0.058, 0.013, 0.077, 0.038
0.25, 0.102, 0.118, 0.013, 0.081, 0.043
0.232, 0.049, 0.062, 0.014, 0.082, 0.047
0.25, 0.084, 0.096, 0.032, 0.228, 0.048
0.207, 0.157, 0.073, 0.03, 0.097, 0.048
0.237, 0.046, 0.07, 0.029, 0.086, 0.037
0.255, 0.077, 0.094, 0.022, 0.077, 0.035
0.236, 0.041, 0.047, 0.02, 0.077, 0.036
0.211, 0.05, 0.059, 0.019, 0.082, 0.034
0.216, 0.044, 0.054, 0.017, 0.134, 0.048
0.253, 0.048, 0.051, 0.016, 0.104, 0.093
0.221, 0.044, 0.049, 0.013, 0.072, 0.032
0.199, 0.039, 0.045, 0.01, 0.076, 0.039
0.206, 0.044, 0.05, 0.012, 0.084, 0.091
0.187, 0.062, 0.117, 0.012, 0.071, 0.04
0.205, 0.049, 0.06, 0.01, 0.07, 0.053
0.231, 0.055, 0.07, 0.016, 0.074, 0.041
0.177, 0.041, 0.044, 0.013, 0.076, 0.035
0.214, 0.054, 0.06, 0.031, 0.093, 0.055
0.182, 0.046, 0.05, 0.027, 0.089, 0.074
0.261, 0.051, 0.043, 0.015, 0.074, 0.038
0.185, 0.049, 0.046, 0.015, 0.075, 0.035
0.197, 0.044, 0.047, 0.015, 0.081, 0.038
0.2, 0.044, 0.048, 0.024, 0.086, 0.052
0.193, 0.045, 0.044, 0.018, 0.073, 0.036
0.193, 0.041, 0.047, 0.013, 0.069, 0.038
0.196, 0.041, 0.06, 0.011, 0.074, 0.035
0.158, 0.031, 0.042, 0.012, 0.071, 0.035
0.186, 0.036, 0.039, 0.028, 0.081, 0.044
0.189, 0.034, 0.042, 0.014, 0.073, 0.034
0.174, 0.036, 0.046, 0.015, 0.066, 0.033
0.173, 0.037, 0.043, 0.012, 0.073, 0.041
0.176, 0.042, 0.05, 0.016, 0.07, 0.036
0.171, 0.038, 0.043, 0.018, 0.074, 0.038
0.2, 0.036, 0.043, 0.011, 0.072, 0.036
0.184, 0.035, 0.04, 0.013, 0.069, 0.033
0.171, 0.039, 0.043, 0.014, 0.068, 0.036
0.203, 0.043, 0.044, 0.015, 0.072, 0.037
0.177, 0.04, 0.048, 0.015, 0.077, 0.041
0.178, 5.498, 0.084, 0.055, 0.152, 0.108
0.189, 0.052, 0.045, 0.013, 0.072, 0.035
0.18, 0.04, 0.04, 0.01, 0.074, 0.032
0.21, 0.052, 0.047, 0.019, 0.074, 0.038
0.178, 0.076, 0.05, 0.041, 0.105, 0.034
0.171, 0.04, 0.045, 0.035, 0.093, 0.04
0.193, 0.029, 0.037, 0.009, 0.072, 0.032
0.188, 0.041, 0.039, 0.009, 0.101, 0.103
0.161, 0.028, 0.037, 0.01, 0.064, 0.033
0.204, 0.048, 0.044, 0.012, 0.074, 0.032
0.169, 0.041, 0.041, 0.01, 0.084, 0.064
0.19, 0.057, 0.054, 0.008, 0.078, 0.056
0.186, 0.041, 0.047, 0.009, 0.066, 0.039
0.205, 0.04, 0.035, 0.011, 0.073, 0.035
0.194, 0.029, 0.063, 0.01, 0.076, 0.034
0.182, 0.028, 0.047, 0.016, 0.129, 0.146
0.176, 0.027, 0.038, 0.01, 0.126, 0.159
0.199, 0.039, 0.037, 0.011, 0.083, 0.056
0.22, 0.023, 0.035, 0.01, 0.08, 0.041
0.203, 0.031, 0.032, 0.009, 0.076, 0.035
0.18, 0.038, 0.035, 0.008, 0.07, 0.033
0.175, 0.034, 0.047, 0.014, 0.076, 0.045
0.191, 0.033, 0.05, 0.011, 0.08, 0.046
0.181, 0.097, 0.039, 0.009, 0.077, 0.039
0.168, 0.06, 0.047, 0.047, 0.145, 0.103
0.184, 0.051, 0.07, 0.02, 0.086, 0.077
0.189, 0.058, 0.068, 0.017, 0.102, 0.081
0.194, 0.053, 0.065, 0.041, 0.09, 0.04
0.186, 0.063, 0.056, 0.021, 0.091, 0.036
0.19, 0.053, 0.05, 0.018, 0.096, 0.033
0.189, 0.039, 0.044, 0.012, 0.069, 0.041
0.198, 0.038, 0.046, 0.014, 0.087, 0.041
0.173, 0.057, 0.045, 0.014, 0.074, 0.042
0.196, 0.05, 0.05, 0.031, 0.11, 0.087
0.182, 0.048, 0.049, 0.036, 0.158, 0.18
0.183, 0.069, 0.08, 0.035, 0.115, 0.039
0.189, 0.036, 0.046, 0.016, 0.077, 0.044
0.2, 0.038, 0.051, 0.012, 0.072, 0.047
0.19, 0.035, 0.042, 0.012, 0.07, 0.036
0.271, 0.036, 0.047, 0.012, 0.075, 0.033
0.209, 0.051, 0.052, 0.035, 0.114, 0.048
0.269, 2.687, 3.99, 0.038, 0.099, 0.08
0.241, 0.595, 3.995, 0.018, 0.074, 0.04
0.48, 0.06, 0.067, 0.036, 0.094, 0.058
0.186, 0.048, 0.052, 0.035, 0.143, 0.147
0.214, 0.041, 0.047, 0.017, 0.079, 0.042
0.19, 0.043, 0.053, 0.022, 0.09, 0.04
0.232, 0.078, 0.097, 0.022, 0.07, 0.055
0.223, 0.213, 0.13, 0.032, 0.083, 0.043
0.194, 0.06, 0.06, 0.034, 0.114, 0.103
0.217, 0.063, 0.067, 0.021, 0.094, 0.055
0.213, 0.043, 0.046, 0.021, 0.106, 0.127
0.22, 0.035, 0.037, 0.013, 0.083, 0.034
0.18, 6.878, 0.064, 0.036, 0.096, 0.058
0.209, 0.033, 0.029, 0.01, 0.064, 0.029
0.2, 0.042, 0.036, 0.016, 0.086, 0.056
0.201, 0.03, 0.031, 0.014, 0.07, 0.035
0.238, 0.024, 0.032, 0.011, 0.074, 0.037
0.212, 0.032, 0.034, 0.014, 0.071, 0.039
0.214, 0.033, 0.034, 0.009, 0.104, 0.111
0.216, 0.027, 0.029, 0.008, 0.096, 0.147
0.238, 0.027, 0.034, 0.013, 0.073, 0.042
0.194, 0.026, 0.027, 0.01, 0.064, 0.035
0.212, 0.027, 0.03, 0.014, 0.084, 0.048
0.174, 0.023, 0.029, 0.009, 0.083, 0.038
0.184, 0.036, 0.047, 0.033, 0.105, 0.081
0.223, 0.027, 0.033, 0.011, 0.095, 0.123
0.202, 0.027, 0.032, 0.017, 0.079, 0.03
0.259, 0.049, 0.035, 0.019, 0.082, 0.032
0.263, 0.046, 0.036, 0.037, 0.106, 0.069
0.226, 0.035, 0.035, 0.042, 0.102, 0.066
0.201, 0.037, 0.047, 0.027, 0.095, 0.038
0.201, 0.026, 0.032, 0.027, 0.066, 0.035
0.187, 0.028, 0.03, 0.022, 0.077, 0.031
0.196, 0.03, 0.043, 0.023, 0.129, 0.155
0.194, 0.033, 0.046, 0.014, 0.074, 0.037
0.193, 0.031, 0.042, 0.016, 0.071, 0.032
0.192, 0.039, 0.042, 0.031, 0.099, 0.048
0.186, 0.029, 0.07, 0.019, 0.09, 0.029
0.187, 0.049, 0.033, 0.024, 0.116, 0.116
0.203, 0.043, 0.037, 0.015, 0.081, 0.045
0.191, 0.055, 0.04, 0.03, 0.091, 0.043
0.193, 0.039, 0.061, 0.015, 0.086, 0.086
0.199, 0.066, 0.06, 0.034, 0.133, 0.148
0.246, 0.044, 0.05, 0.017, 0.105, 0.044
0.223, 0.049, 0.049, 0.014, 0.083, 0.039
0.21, 0.045, 0.044, 0.011, 0.136, 0.165
0.208, 0.06, 0.05, 0.011, 0.085, 0.036
0.205, 0.058, 0.049, 0.03, 0.102, 0.036
0.202, 0.052, 0.049, 0.024, 0.081, 0.035
0.194, 0.056, 0.049, 0.025, 0.098, 0.04
0.194, 0.055, 0.047, 0.021, 0.096, 0.048
0.195, 0.047, 0.068, 0.017, 0.095, 0.043
0.197, 0.064, 0.058, 0.027, 0.106, 0.052
0.192, 0.054, 0.05, 0.043, 0.108, 0.042
0.25, 0.048, 0.058, 0.025, 0.1, 0.051
0.21, 0.051, 0.064, 0.033, 0.112, 0.054
0.227, 0.072, 0.051, 0.029, 0.119, 0.098
0.203, 0.068, 0.055, 0.033, 0.162, 0.081
0.192, 0.076, 0.068, 0.029, 0.127, 0.059
0.192, 0.053, 0.048, 0.022, 0.105, 0.053
0.211, 1.486, 0.077, 0.034, 0.113, 0.071
0.177, 0.061, 0.053, 0.034, 0.106, 0.069
0.219, 0.058, 0.049, 0.026, 0.094, 0.052
0.192, 0.064, 0.05, 0.023, 0.082, 0.047
0.197, 0.041, 0.035, 0.034, 0.128, 0.109
0.186, 0.038, 9.327, 0.066, 0.189, 0.089
0.179, 0.031, 0.057, 0.034, 0.148, 0.055
0.21, 0.044, 0.043, 0.042, 0.081, 0.06
0.193, 0.034, 0.04, 0.024, 0.09, 0.057
0.179, 0.047, 0.038, 0.017, 0.064, 0.041
0.211, 0.048, 0.047, 0.018, 0.079, 0.049
0.191, 0.037, 0.039, 0.02, 0.07, 0.04
0.225, 0.029, 0.027, 0.028, 0.074, 0.039
0.31, 0.038, 0.053, 0.02, 0.071, 0.046
0.216, 0.028, 0.03, 0.022, 0.069, 0.037
0.302, 0.027, 0.043, 0.018, 0.058, 0.038
0.258, 0.028, 0.029, 0.02, 0.077, 0.045
0.276, 0.138, 0.045, 0.027, 0.078, 0.06
0.271, 0.04, 0.043, 0.033, 0.092, 0.06
0.281, 0.037, 0.055, 0.021, 0.084, 0.048
0.265, 0.034, 0.057, 0.028, 0.081, 0.048
0.25, 0.032, 0.035, 0.013, 0.067, 0.047
0.216, 0.041, 0.045, 0.02, 0.099, 0.039
0.293, 0.032, 0.034, 0.016, 0.068, 0.042
0.247, 0.035, 0.034, 0.013, 0.052, 0.037
0.304, 0.037, 0.045, 0.024, 0.085, 0.039
0.275, 0.033, 0.037, 0.011, 0.092, 0.11
0.256, 0.027, 0.031, 0.012, 0.075, 0.031
0.233, 0.025, 0.031, 0.01, 0.082, 0.027
0.249, 0.029, 0.033, 0.011, 0.064, 0.038
0.27, 0.036, 0.034, 0.012, 0.068, 0.027
0.244, 0.055, 0.048, 0.031, 0.097, 0.045
0.228, 0.039, 0.051, 0.029, 0.077, 0.042
0.224, 0.04, 0.044, 0.023, 0.058, 0.03
0.242, 0.033, 0.034, 0.014, 0.09, 0.089
0.256, 0.05, 0.06, 0.034, 0.091, 0.082
0.222, 0.035, 0.038, 0.013, 0.082, 0.042
0.248, 0.032, 0.035, 0.013, 0.054, 0.034
0.223, 0.034, 0.035, 0.01, 0.07, 0.042
0.237, 0.035, 0.035, 0.013, 0.067, 0.037
0.199, 0.034, 0.036, 0.012, 0.055, 0.043
0.252, 0.031, 0.033, 0.011, 0.075, 0.04
0.192, 0.028, 0.039, 0.009, 0.068, 0.089
0.195, 0.023, 0.035, 0.01, 0.061, 0.031
0.252, 0.027, 0.03, 0.014, 0.057, 0.039
0.242, 0.028, 0.044, 0.017, 0.075, 0.035
0.249, 0.038, 0.038, 0.023, 0.083, 0.034
0.222, 0.033, 0.031, 0.017, 0.081, 0.037
0.174, 0.027, 0.029, 0.013, 0.07, 0.028
0.174, 0.028, 0.03, 0.009, 0.065, 0.028
0.199, 0.026, 0.03, 0.011, 0.072, 0.035
0.184, 0.032, 0.034, 0.01, 0.074, 0.03
0.245, 0.029, 0.031, 0.01, 0.07, 0.033
0.234, 0.034, 0.034, 0.012, 0.087, 0.031
0.231, 0.033, 0.033, 0.01, 0.089, 0.088
0.65, 0.031, 0.032, 0.009, 0.07, 0.039
0.201, 0.035, 0.032, 0.01, 0.073, 0.032
0.212, 0.042, 0.038, 0.021, 0.089, 0.068
0.233, 0.034, 0.037, 11.686, 0.104, 0.074
0.181, 0.251, 0.043, 0.013, 0.062, 0.038
0.197, 0.028, 0.029, 0.021, 0.078, 0.031
0.197, 0.024, 0.026, 0.011, 0.068, 0.039
0.21, 0.057, 0.034, 0.011, 0.077, 0.051
0.22, 0.03, 0.032, 0.015, 0.076, 0.042
0.242, 0.042, 0.035, 0.031, 0.1, 0.043
0.229, 0.035, 0.052, 0.024, 0.077, 0.041
0.25, 0.028, 0.051, 0.013, 0.074, 0.042
0.242, 0.031, 0.031, 0.013, 0.072, 0.045
0.193, 0.028, 0.025, 0.011, 0.067, 0.039
0.223, 0.027, 0.035, 0.013, 0.076, 0.039
0.242, 0.029, 0.031, 0.01, 0.081, 0.041
0.217, 0.039, 0.032, 0.033, 0.103, 0.055
0.249, 0.034, 0.029, 0.028, 0.088, 0.042
0.201, 0.03, 0.032, 0.025, 0.083, 0.043
0.311, 0.028, 0.027, 0.017, 0.085, 0.036
0.218, 0.035, 0.029, 0.021, 0.106, 0.044
0.28, 0.037, 0.036, 0.024, 0.1, 0.046
0.232, 0.028, 0.026, 0.01, 0.079, 0.037
0.275, 0.031, 0.03, 0.013, 0.067, 0.042
0.195, 0.025, 0.027, 0.01, 0.102, 0.131
0.196, 0.029, 0.031, 0.017, 0.079, 0.04
0.188, 0.024, 0.029, 0.012, 0.068, 0.039
0.183, 0.026, 0.026, 0.012, 0.099, 0.141
0.197, 0.022, 0.026, 0.011, 0.08, 0.045
0.222, 0.035, 0.031, 0.012, 0.087, 0.041
0.191, 0.041, 0.032, 0.013, 0.122, 0.162
0.19, 0.029, 0.032, 0.013, 0.056, 0.058
0.189, 0.042, 0.028, 0.011, 0.083, 0.045
0.199, 0.027, 0.031, 0.021, 0.114, 0.051
0.178, 0.061, 0.057, 0.044, 0.132, 0.037
0.193, 0.05, 0.058, 0.037, 0.103, 0.062
0.298, 0.059, 0.06, 0.046, 0.139, 0.111
0.217, 0.06, 0.053, 0.05, 0.149, 0.126
0.181, 0.038, 0.042, 0.01, 0.101, 0.035
0.186, 0.037, 0.046, 0.01, 0.067, 0.038
0.19, 0.035, 0.041, 0.011, 0.092, 0.042
0.198, 0.035, 0.045, 0.01, 0.081, 0.034
0.176, 0.037, 0.04, 0.01, 0.074, 0.039
0.194, 0.037, 0.047, 0.013, 0.082, 0.037
0.193, 0.045, 0.059, 0.012, 0.086, 0.041
0.215, 0.041, 0.055, 0.013, 0.074, 0.047
0.223, 0.219, 0.05, 0.011, 0.078, 0.032
0.189, 0.035, 0.042, 0.011, 0.066, 0.041
0.183, 0.068, 0.037, 0.035, 0.101, 0.036
0.199, 0.035, 0.031, 0.008, 0.07, 0.036
0.198, 0.027, 0.029, 0.013, 0.071, 0.036
0.185, 0.04, 0.046, 0.015, 0.087, 0.084
0.18, 0.042, 0.031, 0.01, 0.143, 0.054
0.247, 0.04, 0.036, 0.011, 0.072, 0.061
0.208, 0.047, 0.033, 0.011, 0.073, 0.042
0.351, 0.048, 0.045, 0.013, 0.108, 0.053
0.216, 9.071, 0.121, 0.037, 0.107, 0.164
0.237, 0.026, 0.031, 0.01, 0.076, 0.068
0.184, 0.026, 0.028, 0.009, 0.067, 0.051
0.193, 0.027, 0.03, 0.009, 0.068, 0.052
0.199, 0.184, 0.035, 0.034, 0.101, 0.077
0.24, 0.036, 0.038, 0.029, 0.085, 0.056
0.215, 0.03, 0.034, 0.021, 0.08, 0.037
0.408, 0.031, 0.03, 0.015, 0.062, 0.029
0.217, 0.026, 0.028, 0.013, 0.07, 0.028
0.199, 0.033, 0.039, 0.015, 0.065, 0.041
0.216, 0.036, 0.033, 0.022, 0.078, 0.05
0.19, 0.043, 0.073, 0.025, 0.077, 0.043
0.189, 0.031, 0.031, 0.026, 0.076, 0.053
0.197, 0.029, 0.031, 0.013, 0.071, 0.041
0.193, 0.029, 0.031, 0.02, 0.067, 0.04
0.203, 0.029, 0.037, 0.019, 0.087, 0.061
0.195, 0.037, 0.035, 0.024, 0.076, 0.043
0.192, 0.043, 0.034, 0.026, 0.089, 0.031
0.192, 0.133, 0.031, 0.023, 0.074, 0.037
0.219, 0.132, 0.082, 0.036, 0.091, 0.038
0.228, 0.028, 0.037, 0.026, 0.108, 0.106
0.209, 0.033, 0.03, 0.021, 0.071, 0.032
0.231, 0.035, 0.035, 0.022, 0.088, 0.037
0.201, 0.025, 0.044, 0.014, 0.084, 0.034
0.239, 0.038, 0.052, 0.032, 0.146, 0.169
0.302, 0.036, 0.049, 0.021, 0.091, 0.055
0.221, 0.033, 0.027, 0.027, 0.125, 0.109
0.177, 0.033, 0.031, 0.021, 0.139, 0.032
0.214, 0.032, 0.027, 0.014, 0.097, 0.074
0.172, 0.028, 0.026, 0.013, 0.135, 0.153
0.187, 0.031, 0.032, 0.011, 0.083, 0.063
0.191, 0.023, 0.026, 0.011, 0.078, 0.038
0.192, 0.028, 0.031, 0.01, 0.076, 0.039
0.194, 0.029, 0.034, 0.013, 0.083, 0.045
0.208, 0.033, 0.035, 0.011, 0.09, 0.094
0.174, 0.026, 0.03, 0.009, 0.069, 0.03
0.206, 0.03, 0.031, 0.016, 0.079, 0.035
0.164, 0.025, 0.031, 0.011, 0.071, 0.03
0.26, 0.036, 0.03, 0.012, 0.083, 0.045
0.284, 0.03, 0.027, 0.011, 0.075, 0.05
0.288, 0.037, 0.035, 0.014, 0.107, 0.099
0.212, 0.028, 0.03, 0.012, 0.103, 0.106
0.206, 0.034, 0.033, 0.012, 0.081, 0.048
0.227, 0.041, 0.037, 0.012, 0.08, 0.056
0.254, 0.031, 0.031, 0.012, 0.075, 0.045
0.207, 0.03, 0.03, 0.01, 0.069, 0.049
0.216, 0.038, 0.041, 0.034, 0.142, 0.194
0.209, 3.529, 4.384, 0.036, 0.142, 0.14
0.219, 0.03, 0.035, 0.01, 0.099, 0.1
0.242, 0.036, 0.032, 0.018, 0.088, 0.073
0.204, 0.03, 0.034, 0.018, 0.107, 0.115
0.217, 0.037, 0.035, 0.035, 0.085, 0.045
0.215, 0.024, 0.026, 0.018, 0.053, 0.03
0.216, 0.034, 0.035, 0.011, 0.061, 0.061
0.249, 0.04, 0.035, 0.013, 0.074, 0.044
0.223, 0.056, 0.07, 0.036, 0.097, 0.065
0.281, 0.235, 0.056, 0.037, 0.109, 0.084
0.334, 0.033, 0.039, 0.031, 0.094, 0.063
0.257, 0.035, 0.061, 0.026, 0.097, 0.063
0.293, 0.039, 0.042, 0.019, 0.084, 0.056
0.283, 2.377, 2.654, 0.025, 0.079, 0.093
0.223, 3.031, 3.986, 0.034, 0.103, 0.079
0.217, 0.039, 0.058, 0.033, 0.121, 0.052
0.205, 1.325, 0.043, 0.04, 0.113, 0.057
0.238, 0.053, 0.04, 0.019, 0.075, 0.04
0.22, 2.78, 3.991, 0.03, 0.095, 0.06
0.254, 1.221, 0.037, 0.027, 0.076, 0.043
0.232, 2.681, 3.989, 0.036, 0.088, 0.049
0.195, 0.033, 0.032, 0.03, 0.092, 0.043
0.194, 0.032, 0.041, 0.02, 0.057, 0.044
0.222, 0.645, 3.986, 0.032, 0.104, 0.074
0.265, 2.522, 3.995, 0.032, 0.099, 0.08
0.253, 4.21, 0.06, 0.033, 0.117, 0.059
0.246, 0.042, 0.054, 0.028, 0.089, 0.057
0.21, 0.037, 0.039, 0.033, 0.093, 0.066
0.228, 0.057, 0.066, 0.034, 0.099, 0.06
0.283, 0.253, 3.974, 0.039, 0.099, 0.065
0.242, 2.271, 3.984, 0.036, 0.091, 0.075
0.271, 0.053, 0.068, 0.037, 0.118, 0.053
0.206, 0.034, 0.039, 0.015, 0.082, 0.042
0.259, 4.217, 1.619, 0.036, 0.106, 0.06
0.238, 0.037, 0.043, 0.02, 0.074, 0.046
0.221, 0.041, 0.059, 0.031, 0.075, 0.043
0.292, 0.044, 0.056, 0.035, 0.102, 0.052
0.272, 3.924, 0.157, 0.045, 0.086, 0.049
0.325, 0.043, 0.062, 0.035, 0.078, 0.052
0.287, 0.039, 0.044, 0.034, 0.08, 0.047
0.263, 4.626, 0.063, 0.037, 0.091, 0.058
0.276, 3.664, 3.986, 0.035, 0.084, 0.048
0.383, 1.356, 3.993, 0.025, 0.073, 0.04
0.337, 3.269, 3.986, 0.039, 0.116, 0.076
0.311, 0.046, 0.044, 0.038, 0.083, 0.05
0.346, 0.036, 0.031, 0.034, 0.093, 0.051
0.286, 0.05, 0.044, 0.034, 0.072, 0.054
0.231, 0.031, 0.049, 0.027, 0.066, 0.049
0.756, 0.363, 3.975, 0.036, 0.069, 0.053
0.25, 0.047, 0.058, 0.036, 0.089, 0.061
0.191, 0.027, 0.033, 0.022, 0.052, 0.04
0.193, 0.072, 0.065, 0.04, 0.091, 0.058
0.197, 0.092, 0.069, 0.039, 0.088, 0.059
0.183, 0.104, 0.065, 0.04, 0.087, 0.059
0.231, 0.115, 2.52, 0.04, 0.087, 0.062
0.18, 0.066, 0.061, 0.038, 0.081, 0.052
0.266, 0.061, 0.054, 0.034, 0.093, 0.081
