0.28
1.751
0.22
0.251
0.24
0.224
0.267
0.267
0.267
0.322
0.322
0.322
0.368
0.392
0.392
0.296
0.296
0.296
0.411
0.303
0.303
0.214
0.27
0.263
0.263
0.207
0.276
0.271
0.271
0.175
0.298
0.306
0.306
0.188
0.192
0.382
0.382
0.382
0.382
0.382
0.391
0.391
0.188
0.342
0.342
0.342
0.342
0.342
0.247
0.247
0.237
0.19
0.241
0.241
0.216
0.179
0.292
0.292
0.292
0.292
0.214
0.273
0.273
0.273
0.215
0.215
0.198
0.165
0.292
0.292
0.292
0.292
0.221
0.296
0.296
0.296
0.194
0.191
0.283
0.283
0.31
0.276
0.276
0.276
0.16
0.263
0.263
0.324
0.324
0.324
0.214
0.214
0.164
0.175
0.235
0.235
0.235
0.255
0.255
0.217
0.168
0.238
0.206
0.25
0.25
0.25
0.263
0.204
0.331
0.331
0.331
0.331
0.316
0.316
0.2
0.232
0.232
0.197
0.21
0.36
0.36
0.36
0.36
0.234
0.234
0.185
0.299
0.299
0.299
0.299
0.77
0.77
0.77
0.77
0.77
0.77
0.77
0.77
0.77
0.77
0.77
0.252
0.241
0.281
0.281
0.206
0.433
0.433
0.433
0.433
0.684
0.684
0.684
0.684
0.684
0.684
0.684
0.684
0.684
0.684
0.684
0.235
0.636
0.636
0.636
0.636
0.636
0.636
0.397
0.397
0.397
0.397
0.397
0.397
0.23
0.468
0.468
0.468
0.468
0.468
0.438
0.438
0.438
0.438
0.438
0.438
0.261
0.477
0.477
0.477
0.477
0.477
0.477
0.331
0.331
0.331
0.331
0.209
0.209
0.192
0.206
0.298
0.298
0.5
0.5
0.5
0.5
0.313
0.244
0.39
0.39
0.39
0.39
0.39
0.226
0.19
0.397
0.397
0.397
0.397
0.397
0.194
0.214
0.244
0.244
0.202
0.239
0.239
0.24
0.24
0.214
0.239
4.526
0.223
0.264
0.264
0.213
0.892
0.642
0.349
0.349
0.349
0.242
0.229
0.284
0.284
0.284
0.204
1.043
1.043
1.043
1.043
1.043
1.043
0.427
0.218
0.626
0.626
0.626
0.155
0.222
0.502
0.502
0.502
0.502
0.502
0.502
0.189
0.189
0.278
0.226
0.778
0.228
0.211
0.219
0.219
0.263
0.204
0.202
0.202
0.202
5.579
0.23
3.199
0.188
0.235
1.568
1.568
1.568
0.234
0.349
0.349
0.349
1.205
1.205
1.205
0.19
0.303
0.303
0.303
1.114
0.209
0.388
0.388
0.275
0.275
0.275
0.245
0.265
0.265
0.152
0.21
0.294
0.186
0.301
0.265
0.263
0.263
0.263
0.263
0.267
0.304
0.304
1.245
0.259
0.292
0.292
0.313
0.313
0.313
0.313
0.242
0.271
1.029
1.029
1.029
0.284
0.487
0.223
0.254
0.451
0.451
0.451
0.451
0.451
0.283
0.283
0.283
0.279
0.352
0.352
0.352
0.238
0.238
0.238
0.263
0.462
0.462
0.462
0.462
0.462
0.286
0.255
0.251
0.251
0.239
0.239
0.239
0.217
0.275
0.275
0.209
0.209
0.2
0.206
0.166
0.212
0.288
0.18
0.18
0.21
0.237
0.186
0.248
0.209
0.187
0.247
0.211
0.143
0.203
0.274
1.039
0.158
0.366
0.366
0.366
0.366
0.366
0.366
0.696
0.217
0.206
0.206
0.114
0.219
0.413
0.413
0.413
0.413
0.413
0.413
0.408
0.238
0.262
0.262
0.262
0.424
0.424
0.424
0.166
0.252
0.252
0.252
0.662
0.153
0.2
0.2
0.2
0.221
0.221
0.221
0.148
0.257
0.257
0.257
0.315
0.315
0.315
0.158
0.167
0.677
0.677
0.677
0.15
0.229
0.497
0.252
0.252
0.252
0.186
0.211
0.25
0.25
0.25
0.16
0.257
0.32
0.162
1.209
1.209
1.209
0.193
0.208
0.267
0.181
0.377
0.377
0.377
0.377
0.22
0.22
0.22
0.629
0.312
0.312
0.312
0.196
0.196
0.196
0.177
0.288
0.288
0.288
0.288
0.151
0.15
0.161
2.467
2.467
2.467
0.169
0.165
0.649
0.649
0.649
0.143
0.227
0.227
0.227
0.151
0.152
0.259
0.259
0.259
0.218
0.218
0.218
0.206
0.456
0.456
0.456
0.456
0.437
0.437
0.437
0.3
0.295
0.295
0.249
0.249
0.249
0.202
0.351
0.351
0.351
0.351
0.168
0.211
0.27
0.27
0.293
0.249
0.23
0.194
0.194
0.28
0.303
0.303
0.18
0.231
0.244
0.244
0.244
0.271
0.356
0.356
0.336
0.336
0.336
0.336
0.336
0.294
0.26
0.362
0.362
0.362
0.362
0.362
0.293
0.278
0.285
0.285
0.285
0.285
0.273
0.256
0.312
0.312
0.312
0.312
0.253
0.293
0.241
0.28
0.253
0.163
0.22
0.273
0.273
0.17
0.281
0.339
0.339
0.339
1.572
0.229
0.333
0.333
0.282
0.282
0.282
0.282
0.195
0.419
0.419
0.291
0.291
0.291
0.291
0.176
0.266
0.266
0.201
0.201
0.201
0.19
0.322
0.272
0.272
0.272
0.195
0.249
0.131
0.221
0.391
0.391
0.391
0.391
0.391
0.391
0.236
0.357
0.357
0.357
0.175
0.224
0.407
0.407
0.407
0.407
0.407
0.503
0.211
0.416
0.416
0.416
0.416
0.416
0.383
0.383
0.221
0.333
0.486
0.486
0.205
0.368
0.368
0.368
0.368
0.368
0.302
0.204
0.223
2.538
0.377
0.201
0.18
0.216
0.311
0.311
0.311
0.311
0.271
0.166
0.268
0.268
0.268
0.759
0.759
0.759
0.759
0.759
0.759
0.205
0.363
0.363
0.363
0.363
0.267
0.223
0.281
0.281
0.389
0.389
0.389
0.389
0.389
0.389
0.296
0.196
0.283
0.283
0.283
0.283
0.283
0.191
0.214
0.214
0.222
0.203
0.191
0.328
0.328
0.328
0.328
0.328
0.183
0.211
0.478
0.478
0.478
0.478
0.478
0.478
0.478
0.478
0.478
11.496
0.197
0.197
1.193
0.184
0.371
0.371
0.371
0.371
0.371
0.371
0.473
0.473
0.473
0.473
0.473
0.473
0.473
0.473
0.473
0.219
0.353
0.353
0.353
0.353
0.287
0.287
0.287
0.287
0.287
0.273
0.479
0.479
0.479
0.479
0.479
0.479
0.185
0.338
0.342
0.342
0.342
0.342
0.336
0.336
0.336
0.336
0.336
0.194
0.275
0.275
0.275
0.306
0.306
0.306
0.306
0.306
0.306
0.238
0.351
0.351
0.351
0.351
0.159
0.159
0.223
0.223
0.197
0.335
0.335
0.335
0.335
0.335
0.335
0.273
0.273
0.218
0.143
0.143
0.243
0.263
0.263
0.263
0.347
0.347
0.205
0.357
0.357
0.357
0.359
0.359
0.775
0.322
0.322
0.116
0.195
0.276
0.276
0.297
0.297
0.294
0.183
0.13
0.194
0.213
0.165
0.165
0.176
0.217
0.22
0.22
0.427
0.289
0.289
0.289
0.222
0.222
0.222
0.17
0.183
0.202
0.202
0.202
0.145
0.212
0.38
0.38
0.775
0.257
0.257
0.244
0.244
0.244
0.182
0.195
0.213
0.213
0.166
0.185
0.178
0.178
0.382
0.186
0.199
0.199
0.227
0.185
0.116
0.172
0.177
0.11
0.509
0.25
0.25
0.28
0.175
0.232
0.319
0.144
0.306
0.306
0.201
0.201
0.201
0.156
0.186
0.277
0.277
0.277
0.149
0.233
0.312
0.312
0.312
0.312
0.312
0.312
0.141
0.233
0.233
0.365
0.365
0.365
0.365
0.365
0.365
0.154
0.235
0.215
0.215
0.215
0.202
0.233
0.233
0.16
0.16
0.165
0.374
0.374
0.374
0.374
0.374
0.232
0.232
0.232
0.376
0.342
0.342
0.342
0.342
0.204
0.204
0.204
0.142
0.363
0.363
0.363
0.363
0.363
0.404
0.137
0.309
0.309
0.309
0.309
0.309
0.253
0.253
0.253
0.121
0.203
0.104
0.134
0.35
0.35
0.35
0.35
0.35
0.218
0.212
0.228
0.228
0.263
0.263
0.263
0.263
0.263
0.495
0.206
0.206
0.143
0.144
0.345
0.345
0.385
0.385
0.385
0.385
0.385
0.27
0.268
0.268
0.572
0.572
0.572
0.572
0.572
1.501
0.265
0.265
0.265
0.131
0.151
0.286
0.286
0.286
0.333
0.333
0.333
0.333
0.333
0.145
0.288
0.288
0.288
0.286
0.286
0.286
0.286
0.286
0.099
0.268
0.268
0.268
0.132
0.12
0.296
0.296
0.296
0.302
0.302
0.302
0.302
0.302
0.108
0.303
0.303
0.303
0.156
0.113
0.305
0.305
0.305
0.305
0.132
0.119
0.345
0.345
0.345
0.345
0.179
0.179
0.14
0.194
0.176
0.176
1.521
0.276
0.276
0.276
0.189
0.189
0.588
0.281
0.281
0.444
0.444
0.444
0.444
0.444
0.444
0.444
0.444
0.444
0.251
0.293
0.293
0.293
0.481
0.481
0.481
0.481
0.481
0.481
0.481
0.481
0.481
0.359
0.253
0.253
0.3
0.3
0.3
0.3
0.3
0.299
0.415
0.415
0.415
0.415
0.415
0.415
0.34
0.34
0.34
0.34
0.34
0.148
0.35
0.35
0.148
0.125
0.191
0.167
0.131
0.196
0.15
0.154
0.203
0.15
0.13
0.255
0.255
0.213
0.133
0.294
0.294
0.143
0.114
0.225
0.225
1.074
1.074
1.074
1.074
1.074
1.074
1.074
1.236
0.208
0.439
0.439
0.439
0.439
0.439
0.439
0.439
0.209
0.258
0.258
0.258
0.929
0.929
0.929
0.929
0.929
0.929
0.929
0.61
0.296
0.735
0.735
0.372
0.517
0.517
0.517
0.482
1.555
1.555
1.555
1.555
1.555
1.555
1.555
0.41
0.41
0.41
0.41
0.41
0.41
0.322
0.322
0.322
0.322
0.322
0.277
0.29
0.29
0.29
0.186
0.186
0.236
0.334
0.334
0.334
0.334
0.334
0.846
0.846
0.846
0.846
0.846
0.786
0.335
0.335
0.335
0.214
0.214
0.214
0.137
0.387
0.387
0.387
0.387
0.387
0.239
0.239
0.239
0.119
0.325
0.325
0.325
0.325
0.325
0.204
0.943
0.381
0.381
0.381
0.381
0.381
1.128
1.811
0.313
0.373
0.373
0.373
0.373
0.373
0.24
0.248
0.282
0.282
0.282
0.133
4.547
4.547
4.547
4.547
4.547
4.547
2.486
3.373
3.373
3.373
3.373
3.373
0.338
0.474
1.216
1.216
0.492
0.492
0.492
0.492
0.492
0.492
0.208
0.208
0.189
0.24
0.24
0.352
0.352
0.352
0.352
0.352
0.25
0.207
0.22
0.177
0.273
0.273
0.43
0.43
0.43
0.43
0.43
0.23
0.215
0.23
0.23
0.176
0.276
0.276
0.178
0.163
0.274
0.274
0.876
0.876
0.81
0.242
0.826
0.826
0.826
0.789
0.225
0.509
0.258
0.267
0.914
0.914
0.914
0.674
0.268
0.739
0.739
0.739
0.739
0.739
0.754
0.238
0.238
0.312
0.312
0.312
0.312
0.197
0.278
0.278
0.407
0.407
0.407
0.407
0.407
0.165
0.206
0.314
0.314
0.314
0.238
0.211
0.345
0.345
0.345
0.345
0.211
0.222
0.259
0.623
0.623
0.623
0.623
0.623
0.623
0.623
0.623
0.623
0.623
0.623
1.124
2.259
2.259
2.259
2.259
2.259
2.259
2.259
2.259
2.259
2.259
2.259
2.259
2.259
2.259
2.259
2.259
2.259
2.259
2.259
2.259
2.259
2.259
2.259
2.259
2.259
2.259
2.259
2.259
2.259
2.259
2.259
2.259
2.259
2.259
2.259
2.259
2.259
2.259
2.259
2.259
2.259
2.259
2.259
2.259
2.259
2.259
2.259
2.259
2.259
2.259
0.472
0.472
0.472
0.472
0.472
0.472
0.472
0.164
0.185
0.614
0.614
0.614
0.614
0.614
0.614
0.614
0.614
0.614
0.614
0.614
0.145
0.147
0.635
0.635
0.635
0.635
0.635
0.635
0.635
0.635
0.635
0.635
0.635
0.635
0.386
0.386
0.386
0.386
0.386
0.386
0.143
0.283
0.283
0.283
0.172
0.172
0.281
0.747
0.747
0.747
0.747
0.747
0.747
0.747
0.747
0.747
0.747
0.747
0.747
0.416
0.416
0.416
0.416
0.416
0.416
0.15
0.581
0.581
0.581
0.581
0.581
0.581
0.581
0.581
0.581
0.643
0.643
0.643
0.643
0.643
0.643
0.643
0.643
0.643
0.171
0.531
0.531
0.531
0.376
0.376
0.376
0.376
0.189
0.605
0.605
0.605
0.605
0.605
0.605
0.605
0.605
0.605
0.526
0.526
0.526
0.526
0.526
0.526
0.526
0.526
0.526
0.126
0.231
0.231
0.29
0.29
0.29
0.29
0.29
0.147
0.225
0.225
0.145
0.142
0.293
0.293
0.293
0.293
0.339
0.339
0.339
0.339
0.339
0.149
0.182
0.266
0.266
0.266
0.171
0.307
0.307
0.307
0.307
0.147
0.167
0.268
0.268
0.277
0.277
0.277
0.205
0.254
0.254
0.358
0.358
0.138
0.254
0.222
0.222
0.186
0.376
0.221
0.221
0.254
0.254
0.254
0.291
0.291
0.291
0.222
0.222
1.426
1.426
1.426
0.267
0.267
0.294
0.294
0.153
0.324
0.324
0.324
0.353
0.158
0.231
0.432
0.153
0.225
0.194
0.197
0.23
0.323
0.13
0.24
0.235
0.235
0.235
0.182
0.233
0.15
0.165
0.24
0.976
2.07
2.07
2.07
0.247
0.25
0.195
0.483
0.483
0.483
0.483
0.483
0.78
0.681
0.272
0.38
0.38
0.303
0.453
0.453
0.453
0.453
0.453
0.723
0.542
0.26
0.384
0.384
0.419
0.502
0.376
0.147
0.532
0.532
0.532
0.532
0.532
0.177
1.067
0.297
1.615
2.559
2.559
2.559
2.559
2.559
2.559
0.462
0.462
0.462
0.462
0.462
0.64
0.64
0.564
0.356
0.356
0.356
0.356
0.549
0.549
0.549
0.549
0.549
0.549
0.636
0.24
0.508
0.279
0.36
0.36
0.36
0.36
0.611
0.564
0.27
0.27
0.27
0.396
0.396
0.399
0.359
0.359
0.359
0.311
0.189
0.251
1.208
1.208
1.343
0.214
0.285
0.153
0.227
0.217
0.178
0.222
0.304
0.331
0.3
0.33
0.33
0.396
0.333
0.333
0.333
0.353
0.353
0.304
0.295
0.295
2.373
3.178
3.178
0.375
0.375
0.375
0.43
0.43
0.43
0.43
0.43
0.43
0.43
0.43
0.61
0.316
0.316
0.316
0.316
0.226
0.226
0.226
0.193
0.265
0.601
0.601
0.601
0.601
0.601
0.601
0.601
0.601
0.882
0.488
0.488
0.488
0.488
0.433
0.433
0.433
0.433
0.585
0.336
0.336
0.336
0.336
0.306
0.306
0.144
0.366
0.366
0.366
0.366
0.375
0.375
0.375
0.375
0.523
0.348
0.746
0.746
0.746
0.669
0.492
0.492
0.492
0.492
0.492
0.492
0.571
0.571
0.571
0.521
0.226
0.222
0.222
0.222
0.281
0.481
0.481
0.481
0.481
0.481
0.481
0.481
0.481
0.779
0.779
0.779
0.779
0.779
0.779
0.779
0.779
0.779
0.954
0.332
0.332
0.332
0.332
0.306
0.306
0.306
0.306
0.322
0.614
0.614
0.614
0.614
0.614
0.614
0.614
0.614
0.628
0.628
0.628
0.628
0.628
0.628
0.628
0.628
0.628
0.943
0.304
0.304
0.914
0.914
0.914
0.914
0.914
0.914
0.914
0.914
0.914
0.914
0.914
0.914
0.914
0.914
0.914
0.914
0.914
0.914
0.914
0.914
0.914
1.508
0.249
0.249
0.554
0.554
0.554
0.554
0.369
10.363
8.067
9.619
9.619
9.619
9.619
9.619
9.619
9.619
9.619
9.619
9.619
9.619
9.619
9.619
9.619
9.619
9.619
9.619
9.619
9.619
9.619
9.619
0.219
0.355
1.589
1.589
1.589
1.589
1.589
1.589
1.589
1.589
1.589
1.589
1.589
1.589
1.589
0.354
0.354
0.354
0.354
0.231
0.231
0.117
0.264
0.264
0.734
0.734
0.734
0.734
0.734
0.734
0.734
0.734
0.734
0.734
0.734
0.734
0.734
1.519
0.36
0.36
0.36
0.36
0.458
1.345
1.345
1.345
1.345
1.345
1.345
0.248
0.248
0.248
0.387
0.387
0.387
0.387
0.387
0.387
0.482
0.331
0.331
0.331
0.483
0.483
0.483
0.483
0.483
0.483
0.483
0.483
0.483
0.483
0.837
0.414
0.414
0.414
0.414
0.414
0.414
0.199
0.289
0.302
0.302
0.302
0.547
0.547
0.547
0.547
0.547
0.547
0.547
0.547
0.547
0.547
0.974
0.494
0.494
0.494
0.494
0.494
0.494
0.205
0.205
0.211
0.335
0.335
0.335
0.335
0.202
0.202
0.414
0.262
0.262
0.189
0.21
0.328
0.328
0.328
0.328
0.299
0.239
0.536
0.536
0.536
0.536
0.536
0.536
0.536
0.536
0.536
0.33
0.33
0.33
0.33
0.33
0.372
0.299
0.299
0.78
0.78
0.596
0.657
0.657
0.657
0.657
0.657
0.657
0.657
0.657
0.657
0.347
0.347
0.347
0.347
0.347
0.195
0.258
0.258
0.449
0.449
0.449
0.449
0.449
0.247
0.33
0.33
0.233
0.277
0.277
0.277
0.405
0.405
0.388
0.388
0.388
0.388
0.388
0.278
0.278
0.278
0.39
0.39
0.39
0.39
0.363
0.363
0.363
0.363
0.363
0.178
0.182
0.297
0.297
0.201
0.336
0.336
0.336
0.336
0.421
0.421
0.421
0.421
0.421
0.191
1.133
1.133
1.133
1.133
1.133
1.133
1.133
1.133
1.133
1.133
1.133
1.133
1.133
1.133
1.133
1.133
1.133
1.133
1.133
1.133
1.133
1.133
1.133
1.133
8.324
14.281
14.281
14.281
14.281
14.281
14.281
14.281
14.281
0.326
0.326
0.449
0.449
0.449
0.3
1.231
1.231
1.231
1.231
1.231
1.231
1.231
1.231
1.231
1.231
1.231
1.231
1.231
1.231
1.231
1.231
1.231
1.231
1.231
1.231
1.231
1.231
1.231
1.231
2.228
2.228
2.228
2.228
2.228
2.228
2.228
2.228
0.271
0.785
0.785
0.785
0.785
0.785
0.785
0.785
0.785
0.785
0.785
0.785
0.785
0.785
1.406
1.406
1.406
1.406
1.406
1.406
1.406
1.406
1.406
1.406
1.406
1.406
1.406
0.23
0.434
0.434
0.434
0.434
0.434
0.319
0.319
0.319
0.319
0.259
0.778
0.778
0.778
0.778
0.778
0.778
0.778
0.778
0.778
0.778
0.778
0.778
0.778
1.286
1.286
1.286
1.286
1.286
1.286
1.286
1.286
1.286
1.286
1.286
1.286
1.286
0.189
0.667
0.667
0.667
0.667
0.667
0.667
0.667
0.667
0.667
0.667
0.667
0.667
1.116
1.116
1.116
1.116
1.116
1.116
1.116
1.116
1.116
0.184
0.371
0.371
0.371
0.371
0.75
0.75
0.75
0.75
0.75
0.75
0.75
0.75
0.75
0.16
0.674
0.674
0.674
0.674
0.674
0.674
0.674
0.674
0.674
0.674
0.674
0.674
1.151
1.151
1.151
1.151
1.151
1.151
1.151
1.151
1.151
1.151
0.14
0.512
0.512
0.512
0.512
0.512
0.512
0.512
0.512
0.512
0.771
0.771
0.374
0.338
0.338
0.338
0.695
0.695
0.695
0.695
0.695
0.695
0.695
0.695
0.695
0.695
0.216
0.536
0.536
0.536
0.536
0.536
0.536
0.536
0.536
0.536
0.964
0.964
0.964
0.964
0.964
0.964
0.964
0.964
0.964
0.191
0.496
0.496
0.496
0.496
0.496
0.496
0.496
0.496
0.496
0.704
0.163
0.243
0.243
0.243
0.462
0.462
0.462
0.462
0.462
0.462
0.462
0.462
0.462
0.514
0.675
0.675
0.675
0.675
0.675
0.675
0.675
0.675
0.675
0.391
2.23
2.23
2.23
2.23
2.23
2.23
2.23
2.23
0.638
0.638
0.638
0.638
0.638
0.638
0.638
0.638
0.638
0.638
0.661
0.661
0.661
0.921
0.367
0.367
0.367
0.481
0.481
0.481
0.481
0.481
0.481
0.481
0.481
0.567
0.653
0.653
0.653
0.653
0.653
0.653
0.653
0.653
0.653
0.653
0.156
1.038
1.038
1.038
1.038
1.038
0.369
0.369
0.369
0.369
0.295
0.158
0.23
0.313
0.313
0.313
0.313
0.313
0.259
0.352
0.352
0.352
0.352
0.239
0.239
0.239
0.239
0.262
0.205
0.187
0.172
0.211
0.288
0.288
0.288
0.288
0.137
0.238
0.51
1.554
1.554
1.554
1.554
1.554
1.554
0.226
0.551
0.551
0.551
0.556
0.208
1.059
2.016
2.016
2.016
2.016
2.016
2.016
0.219
0.132
0.199
0.442
0.442
0.442
0.174
0.131
0.29
0.29
0.384
0.384
0.384
0.222
0.23
0.344
0.344
0.344
0.176
0.276
0.276
0.274
0.274
0.274
2.033
0.326
0.326
0.326
0.18
0.147
0.315
2.531
5.401
0.4
0.4
0.4
0.518
0.294
0.509
0.509
0.509
0.509
0.509
0.509
0.509
0.571
0.225
0.298
0.298
0.513
0.513
0.513
0.513
0.513
0.513
0.513
0.513
0.513
0.671
0.561
0.561
0.561
0.561
0.561
0.561
0.561
0.952
1.823
1.823
0.516
0.516
0.516
0.516
0.516
0.521
0.521
0.521
0.521
0.521
0.521
0.521
0.521
0.521
0.853
0.265
0.239
0.239
0.239
0.189
0.441
0.441
0.441
0.441
0.441
0.389
0.389
0.389
0.29
0.529
0.529
0.529
0.529
0.529
0.529
0.529
0.529
0.529
0.643
1.463
0.387
0.387
0.387
0.387
0.352
0.27
0.636
0.636
0.636
0.636
0.636
0.636
0.636
0.636
0.636
0.395
1.219
0.598
0.598
0.598
0.598
0.598
0.598
0.598
0.598
0.598
0.598
0.598
0.919
1.678
0.385
0.385
0.385
0.385
1.297
1.155
0.697
0.697
0.697
0.697
0.697
0.697
0.697
0.697
0.697
0.697
0.697
3.794
4.574
0.725
0.725
0.725
0.725
0.725
0.725
0.725
0.725
0.725
0.725
0.451
0.451
0.451
0.451
0.451
0.451
1.503
0.403
0.403
0.403
0.215
0.257
0.257
0.683
0.683
0.683
0.683
0.683
0.683
0.683
0.683
0.683
0.683
0.791
0.486
0.486
0.486
0.486
0.486
0.486
0.365
0.365
0.19
0.19
0.144
0.89
0.89
1.029
1.877
1.877
0.561
0.561
0.561
0.561
0.561
0.568
0.568
0.568
0.568
1.917
0.463
0.463
0.463
0.463
0.225
0.343
0.461
0.461
0.461
0.461
0.461
0.461
0.563
0.563
0.563
0.563
0.362
0.16
0.155
0.374
0.374
0.142
0.151
0.265
0.194
0.503
0.503
0.313
0.313
0.313
0.129
0.186
0.186
0.243
0.217
0.105
0.312
0.312
0.312
0.142
0.134
0.348
0.348
0.348
0.348
0.153
0.142
0.34
0.34
0.34
0.34
0.204
0.144
0.271
0.271
0.271
0.271
0.117
0.1
0.195
0.102
0.119
0.34
0.34
0.34
0.34
0.22
0.162
0.162
0.162
0.438
0.438
0.438
0.438
0.438
0.438
0.364
0.462
0.462
0.462
0.267
0.267
0.111
0.113
0.407
0.407
0.407
0.407
0.407
0.407
0.495
0.627
0.224
0.098
0.171
0.171
0.171
0.204
0.147
0.183
0.183
0.183
0.21
0.21
0.201
0.184
0.332
0.332
0.244
0.121
0.272
0.272
0.165
0.125
0.32
0.32
0.32
0.32
0.559
0.311
0.311
0.311
0.311
0.304
0.304
0.304
0.304
0.112
0.25
0.25
0.25
0.25
0.206
0.449
0.16
0.194
0.121
0.114
0.31
0.31
0.31
0.31
0.31
0.098
0.088
0.313
0.313
0.313
0.313
0.313
0.11
0.118
0.186
0.128
0.142
0.142
0.261
0.261
0.231
0.197
0.197
0.173
0.176
0.114
0.216
0.181
0.217
0.304
0.304
0.304
0.115
0.131
0.131
0.186
0.174
0.155
0.155
0.145
0.465
0.204
0.314
0.286
0.165
0.264
0.264
0.139
0.156
0.235
0.235
0.166
0.115
0.38
0.38
0.146
0.261
0.261
0.261
0.261
0.245
0.211
0.213
0.213
0.241
0.252
0.325
0.325
0.325
0.325
0.315
0.315
0.315
0.315
0.181
0.183
0.183
0.175
0.177
0.161
0.307
0.307
0.307
0.307
0.272
0.183
0.183
0.167
0.133
0.133
0.207
0.104
0.128
0.161
0.131
0.16
0.166
0.388
0.199
0.166
0.138
0.127
0.13
0.158
0.106
0.164
0.171
0.094
0.172
0.09
0.119
0.297
0.222
0.179
0.191
0.154
0.141
0.257
0.246
0.159
0.239
0.118
0.319
0.319
0.319
0.319
0.319
0.319
0.234
0.273
0.326
0.326
0.326
0.326
0.326
0.326
0.212
0.197
0.265
0.265
0.265
0.265
0.214
0.149
0.203
0.203
0.21
0.193
0.248
0.248
0.248
0.248
0.211
1.004
0.599
0.599
0.599
0.599
0.599
0.599
0.599
0.599
0.599
0.599
0.599
0.254
0.172
0.396
0.396
0.396
0.396
0.396
0.396
0.203
0.475
0.548
0.548
0.548
0.548
0.548
0.548
0.548
0.548
0.548
0.548
0.548
0.217
0.158
0.35
0.35
0.35
0.35
0.35
0.35
0.218
0.19
0.298
0.298
0.298
0.298
0.429
0.429
0.429
0.429
0.429
0.58
0.344
0.344
0.344
0.344
0.344
0.344
0.262
0.262
0.569
0.31
0.31
0.31
0.31
0.505
0.505
0.505
0.505
0.505
0.641
0.229
0.229
0.227
0.156
0.293
0.293
0.293
0.293
0.213
0.155
0.511
0.511
0.511
0.511
0.511
0.511
0.511
0.511
0.511
0.194
0.129
0.219
0.219
0.243
0.209
0.603
0.603
0.603
0.603
0.603
0.603
0.603
0.603
0.603
0.252
0.252
0.136
0.707
0.707
0.707
0.707
0.707
0.707
0.707
0.204
0.138
0.396
0.396
0.396
0.396
0.396
0.396
0.396
0.195
0.378
0.35
0.35
0.35
0.35
0.35
0.35
0.35
0.351
0.351
0.351
0.351
0.351
0.206
0.641
0.641
0.641
0.641
0.243
0.243
0.533
0.869
0.869
0.869
0.869
0.869
0.869
0.869
0.36
0.36
0.36
0.36
0.36
0.199
0.236
0.236
0.236
0.236
0.335
0.335
0.335
0.335
0.187
0.181
0.181
0.339
0.339
0.339
0.425
1.19
1.19
1.19
1.19
0.359
0.359
0.359
0.359
0.272
0.176
0.351
0.351
0.351
0.351
0.304
1.566
0.275
0.275
0.275
0.353
0.167
0.167
0.319
0.319
0.319
0.319
0.272
0.22
0.22
0.22
0.221
0.443
0.195
0.195
0.296
0.204
0.562
0.562
0.562
0.562
0.562
0.562
0.562
0.562
0.562
0.562
0.284
0.253
0.238
0.238
0.238
0.211
2.953
2.953
2.953
2.953
2.953
2.953
2.953
2.953
2.953
2.953
2.953
2.953
2.953
2.953
2.953
2.953
2.953
2.953
2.953
2.953
2.953
2.953
2.953
2.953
2.953
2.953
2.953
2.953
2.953
2.953
2.953
2.953
2.953
2.953
2.953
2.953
2.953
2.953
2.953
2.953
2.953
2.953
2.953
2.953
2.953
2.953
2.953
2.953
2.953
2.953
6.235
6.235
6.235
6.235
6.235
6.235
6.235
6.235
6.235
6.235
0.262
0.205
0.257
0.257
0.257
0.257
0.218
0.139
0.211
0.211
0.243
0.243
0.157
0.278
0.278
0.278
0.278
0.309
0.309
0.18
0.24
0.24
0.24
0.24
0.273
0.18
0.18
0.189
0.189
0.205
0.251
0.251
0.251
0.251
0.407
0.407
0.407
0.407
0.25
0.263
0.263
0.398
0.398
0.398
0.398
0.398
0.398
0.398
0.186
0.281
0.281
0.281
0.281
0.178
0.178
0.209
0.157
0.441
0.441
0.441
0.441
0.441
0.441
0.441
0.262
0.626
0.626
0.626
1.957
0.296
0.25
0.284
0.223
0.194
0.276
0.276
0.276
0.243
0.264
0.264
0.264
1.795
0.239
0.238
0.238
0.238
1.95
0.189
0.374
0.374
0.374
0.264
0.195
0.175
0.175
0.175
0.266
0.266
0.266
0.226
0.134
0.285
0.285
0.285
0.326
0.326
0.132
0.24
0.188
0.115
0.278
0.239
0.131
0.276
0.21
1.504
0.213
0.157
0.152
0.189
0.269
0.197
0.251
0.209
0.171
0.229
0.231
0.374
0.257
0.339
0.339
0.282
0.282
0.282
0.234
0.154
0.186
0.186
0.209
0.219
0.233
0.233
0.233
0.178
0.214
4.459
4.459
4.459
4.459
4.459
4.459
4.459
4.459
4.459
0.231
0.312
0.247
0.247
0.247
0.195
0.218
0.513
0.513
0.513
0.513
0.513
0.513
0.513
0.513
0.513
0.222
0.229
0.245
0.245
0.245
0.245
0.325
0.291
0.193
0.238
0.28
0.301
0.301
0.301
0.301
0.214
0.24
0.15
0.236
0.148
0.17
0.219
0.323
0.323
0.192
0.251
0.14
0.242
0.23
0.192
0.182
0.193
0.245
0.245
0.127
0.184
0.148
0.141
0.25
0.247
0.357
0.357
0.357
0.357
0.357
0.357
0.194
0.222
0.372
0.372
0.372
0.372
0.372
0.372
0.27
0.409
0.225
0.225
0.225
0.218
0.298
0.143
0.214
0.483
0.243
0.243
0.243
0.234
0.363
0.183
0.183
0.245
0.413
0.413
0.148
0.225
0.391
0.205
0.205
0.212
0.252
0.252
0.22
0.239
0.744
0.744
0.257
0.214
0.152
0.164
0.164
0.31
0.209
0.184
0.2
0.143
0.189
0.189
0.245
0.177
0.42
0.42
0.42
0.42
0.42
0.42
0.196
0.268
0.268
0.268
0.268
2.005
0.377
0.259
0.259
0.415
0.415
0.415
0.415
0.415
0.415
0.345
0.358
0.358
0.358
0.358
0.239
0.248
0.299
0.299
0.299
0.174
0.252
0.197
0.298
0.298
0.298
0.298
0.241
0.273
0.273
0.273
0.278
0.278
0.278
0.278
0.213
0.398
0.398
0.398
0.398
0.398
0.398
0.398
3.496
3.496
3.496
3.496
0.282
0.273
0.273
0.273
3.647
3.647
3.647
3.647
0.213
1.359
1.359
1.359
1.359
1.359
1.359
1.359
1.15
0.221
0.805
1.842
1.842
1.842
1.842
1.842
1.842
1.842
1.842
1.842
1.842
0.266
0.309
0.309
0.309
0.309
0.245
0.245
0.245
0.245
0.229
0.372
1.489
1.489
1.489
1.489
1.489
1.489
1.489
1.489
1.489
1.489
0.226
0.431
0.431
0.431
0.431
0.431
0.431
0.431
0.471
0.471
0.471
0.471
0.263
1.176
1.176
1.176
1.176
1.176
1.176
1.176
1.176
1.33
1.33
1.33
0.25
0.461
0.461
0.461
0.461
0.461
0.461
0.461
0.582
0.243
0.474
0.474
0.474
0.474
0.474
0.474
0.474
0.474
0.474
0.481
0.481
0.481
0.217
0.256
0.256
0.256
0.169
0.325
0.551
0.551
0.551
0.551
0.551
0.551
0.551
0.551
0.551
0.587
0.278
0.29
0.29
0.29
0.29
0.113
0.223
0.259
0.259
0.259
0.249
0.249
5.203
6.2
6.2
6.2
6.2
10.034
0.206
0.821
0.821
0.821
0.821
0.821
0.821
0.821
0.821
0.78
0.78
0.209
0.221
0.221
0.229
0.229
0.229
0.278
0.278
0.278
0.478
0.478
0.478
0.478
0.478
0.478
0.478
0.478
0.611
0.259
0.259
0.259
0.345
0.345
0.345
0.345
0.243
0.243
0.243
0.249
0.327
0.327
0.327
0.327
0.244
0.215
0.403
0.403
0.403
0.403
0.403
0.403
0.403
0.295
0.232
0.19
0.348
0.348
0.348
0.348
0.348
0.348
0.348
0.287
0.931
0.931
0.931
0.931
0.931
0.931
0.931
5.233
5.233
5.233
5.233
5.233
5.233
5.233
0.257
0.206
0.576
0.576
0.576
0.576
0.576
0.576
0.576
0.576
0.576
0.576
0.296
1.031
0.206
0.233
0.304
0.304
0.304
0.304
0.304
0.521
0.521
0.521
0.521
0.521
0.521
0.521
0.521
0.521
0.521
0.197
1.219
1.219
1.219
0.61
0.61
0.61
0.61
0.61
0.61
0.61
0.61
0.61
0.61
0.61
0.61
0.61
0.242
0.385
0.385
0.385
0.385
0.385
0.671
0.671
0.671
0.671
0.671
0.671
0.671
0.671
0.671
0.671
0.671
0.671
0.671
0.162
0.347
0.347
0.347
0.347
0.347
0.347
0.662
0.662
0.662
0.662
0.662
0.662
0.662
0.662
0.662
0.662
0.662
0.662
0.168
0.548
0.548
0.548
0.627
0.627
0.627
0.627
0.627
0.627
0.627
0.627
0.627
0.627
0.627
0.627
0.2
0.371
0.371
0.371
0.371
0.371
0.371
0.604
0.604
0.604
0.604
0.604
0.604
0.604
0.604
0.604
0.604
0.604
0.604
0.604
0.198
0.311
0.311
0.311
0.311
0.255
0.255
0.255
0.203
0.193
0.193
0.641
0.641
0.641
0.641
0.641
0.641
0.641
0.641
0.641
0.641
0.641
0.641
0.641
0.188
0.517
0.517
0.517
0.517
0.745
0.745
0.745
0.745
0.745
0.745
0.745
0.745
0.745
0.745
0.745
0.745
0.745
0.745
0.745
0.745
0.213
0.168
0.216
0.22
1.197
0.904
0.904
0.904
0.904
0.904
0.904
0.904
0.904
0.904
0.904
0.904
0.904
0.904
0.904
0.904
0.904
0.247
0.189
0.189
0.684
0.684
0.684
0.684
0.684
0.684
0.684
0.684
0.684
0.684
0.684
0.684
0.684
0.684
0.183
0.928
0.492
0.492
0.492
0.492
0.176
0.551
0.551
0.715
0.715
0.715
0.715
0.715
0.715
0.715
0.715
0.715
0.715
0.715
0.715
0.715
0.715
0.184
0.265
0.265
0.265
0.436
0.436
0.436
0.436
0.436
0.436
0.436
0.436
0.183
0.244
0.244
0.244
0.205
0.205
0.18
0.247
0.247
0.247
0.247
0.46
0.46
0.46
0.46
0.46
0.46
0.46
0.46
0.173
0.274
0.274
0.188
0.188
0.231
0.338
0.338
0.338
0.338
0.206
0.19
0.526
0.526
0.526
0.526
0.526
0.218
0.218
0.17
1.188
0.174
0.201
0.608
0.608
0.608
0.608
0.608
0.179
0.29
0.152
0.366
0.366
0.366
0.366
0.366
0.366
0.194
0.24
0.618
0.18
0.141
0.421
0.421
0.421
0.421
0.421
0.421
0.183
0.128
0.373
0.373
0.373
0.373
0.373
0.373
0.171
0.265
0.229
0.229
0.34
0.34
0.34
0.34
0.34
0.34
0.416
0.416
0.416
0.416
0.416
0.416
0.243
0.337
0.337
0.337
0.371
0.371
0.371
0.371
0.24
1.201
1.201
1.201
1.201
1.201
1.201
0.733
0.733
0.262
1.676
1.676
1.676
0.324
0.324
0.324
0.324
0.209
0.412
0.412
0.412
0.412
0.22
0.22
0.18
0.246
0.246
0.246
0.266
0.266
0.22
3.297
3.297
3.297
3.297
3.297
3.297
2.849
2.849
2.849
2.849
2.849
2.849
2.849
2.849
0.188
1.92
1.92
1.92
1.92
1.92
1.92
1.92
0.281
0.281
0.281
0.21
1.561
1.561
1.561
1.561
1.561
1.561
0.485
0.485
0.485
0.485
0.485
0.485
0.485
0.485
0.217
0.823
0.823
0.717
0.717
0.717
0.717
0.717
0.717
0.717
0.717
0.717
0.717
0.717
0.165
1.869
0.144
0.205
0.832
0.832
0.638
0.638
0.638
0.638
0.638
0.638
0.638
0.638
0.638
0.638
0.638
0.197
0.473
0.473
0.473
0.473
0.473
0.473
0.473
0.473
0.473
0.793
0.793
0.793
0.793
0.793
0.793
0.793
0.793
0.793
0.793
0.793
0.793
0.793
0.793
0.793
0.793
0.236
0.969
0.969
0.969
0.204
0.252
1.567
1.567
1.567
1.567
1.567
1.567
1.567
1.567
1.567
0.934
0.934
0.934
0.934
0.934
0.934
0.934
0.934
0.934
0.934
0.934
0.934
0.934
0.934
0.934
0.934
0.198
0.386
0.386
0.386
0.386
0.386
0.386
0.386
0.381
0.381
0.381
0.381
0.381
0.381
0.163
1.076
1.076
1.076
0.242
0.242
0.193
0.462
0.462
0.462
0.462
0.462
0.462
0.462
0.408
0.408
0.408
0.408
0.408
0.408
0.174
1.004
1.004
1.004
1.004
1.004
1.004
1.004
1.004
1.004
1.004
1.004
0.266
0.266
0.266
