0.381
0.215
0.227
0.375
0.237
0.241
0.400
0.284
0.284
0.375
0.375
0.375
0.455
0.336
0.336
0.407
0.407
0.407
0.356
0.274
0.274
0.460
0.365
0.256
0.256
0.225
0.383
0.512
0.512
0.333
0.372
1.141
1.141
0.187
0.373
0.390
0.390
0.390
0.390
0.390
0.306
0.306
0.416
0.810
0.810
0.810
0.810
0.810
0.392
0.392
0.413
0.151
0.272
0.272
0.376
0.203
0.353
0.353
0.353
0.353
0.545
0.257
0.257
0.257
0.289
0.289
0.485
0.347
0.430
0.430
0.430
0.430
0.473
0.269
0.269
0.269
0.295
0.648
0.507
0.507
0.322
0.465
0.465
0.465
0.298
1.119
1.119
0.630
0.630
0.630
0.462
0.462
0.641
0.361
0.199
0.199
0.199
0.253
0.253
0.371
0.121
0.181
0.327
0.360
0.360
0.360
0.205
0.458
0.411
0.411
0.411
0.411
0.233
0.233
0.596
0.347
0.347
0.427
0.439
0.712
0.712
1.672
1.672
1.672
1.672
0.367
0.245
0.245
0.245
0.245
0.595
0.595
0.595
0.595
0.595
0.595
0.595
0.595
0.595
0.595
0.595
0.361
0.118
0.178
0.178
0.383
1.768
1.768
1.768
1.768
1.526
1.526
1.526
1.526
1.526
1.526
1.526
1.526
1.526
1.526
1.526
0.608
0.331
0.331
0.331
0.331
0.331
0.331
0.524
0.524
0.524
0.524
0.524
0.524
0.475
0.368
0.368
0.368
0.368
0.368
0.368
1.826
1.826
1.826
1.826
1.826
0.536
0.377
0.377
0.377
0.377
0.377
0.377
0.579
0.579
0.579
0.579
4.740
3.780
12.017
0.431
0.191
0.191
0.287
0.287
0.287
0.287
0.406
0.126
2.523
2.523
2.523
2.523
2.523
0.422
0.123
0.396
0.396
0.396
0.396
0.396
0.315
0.256
0.264
0.264
0.407
0.415
0.415
0.254
0.254
0.385
0.182
0.163
2.909
2.909
2.909
2.909
2.909
2.909
2.909
2.909
2.909
2.909
2.909
2.909
2.909
2.909
2.909
2.909
2.909
2.909
2.909
2.909
2.909
2.909
2.909
2.909
2.909
2.909
2.909
2.909
2.909
2.909
2.909
2.909
2.909
2.909
2.909
2.909
2.909
2.909
2.909
2.909
2.909
2.909
2.909
2.909
2.909
2.909
2.909
2.909
2.909
2.909
2.955
2.955
2.955
2.955
2.955
2.955
2.955
2.955
2.955
2.955
2.955
2.955
2.955
2.955
2.955
2.955
2.955
2.955
2.955
2.955
2.955
2.955
2.955
2.955
2.955
2.955
2.955
2.955
2.955
2.955
2.955
2.955
2.955
2.955
2.955
2.955
2.955
2.955
2.955
2.955
2.955
2.955
2.955
2.955
2.955
2.955
2.955
2.955
2.955
2.955
3.533
3.533
3.533
3.533
3.533
3.533
3.533
3.533
3.533
3.533
3.533
3.533
3.533
3.533
3.533
3.533
3.533
3.533
3.533
3.533
3.533
3.533
3.533
3.533
3.533
3.533
3.533
3.533
3.533
3.533
3.533
3.533
3.533
3.533
3.533
3.533
3.533
3.533
3.533
3.533
3.533
3.533
3.533
3.533
3.533
3.533
3.533
3.533
3.533
3.533
0.433
0.226
0.213
0.436
0.276
0.162
0.414
0.224
0.224
0.313
0.313
0.313
0.481
0.361
0.361
0.709
0.709
0.709
0.492
0.245
0.245
0.202
0.476
0.808
0.808
0.213
0.44
0.515
0.515
0.202
0.452
0.218
0.218
0.192
0.4
0.305
0.305
0.305
0.305
0.305
0.238
0.238
0.425
0.414
0.414
0.414
0.414
0.414
0.382
0.382
0.465
0.15
0.498
0.498
0.476
0.129
0.364
0.364
0.364
0.364
0.427
0.214
0.214
0.214
0.256
0.256
0.394
0.179
0.297
0.297
0.297
0.297
0.424
0.287
0.287
0.287
0.15
0.38
0.453
0.453
4.613
0.541
0.541
0.541
0.274
0.248
0.248
0.529
0.529
0.529
1.739
2.873
2.873
0.428
0.247
0.247
0.247
0.214
0.214
0.422
0.137
0.188
0.474
0.336
0.336
0.336
0.291
0.39
0.247
0.247
0.247
0.247
0.152
0.152
0.415
0.234
0.234
0.168
0.612
0.344
0.344
0.344
0.344
0.255
0.255
0.411
0.252
0.252
0.252
0.252
1.076
1.076
1.076
1.076
1.076
1.076
1.076
1.076
1.076
1.076
1.076
0.394
0.188
0.564
0.564
0.386
0.35
0.35
0.35
0.35
0.658
0.658
0.658
0.658
0.658
0.658
0.658
0.658
0.658
0.658
0.658
0.437
0.332
0.332
0.332
0.332
0.332
0.332
0.307
0.307
0.307
0.307
0.307
0.307
0.405
0.344
0.344
0.344
0.344
0.344
0.38
0.38
0.38
0.38
0.38
0.38
0.628
0.391
0.391
0.391
0.391
0.391
0.391
0.785
0.785
0.785
0.785
0.422
0.144
0.159
0.616
0.608
0.608
0.366
0.366
0.366
0.366
0.375
0.326
0.334
0.334
0.334
0.334
0.334
0.565
0.379
0.396
0.396
0.396
0.396
0.396
0.385
0.116
0.241
0.241
0.493
0.207
0.207
0.557
0.557
0.43
0.183
0.245
0.38
0.254
0.254
0.311
0.958
0.39
0.39
0.39
1.137
0.463
0.571
0.49
0.49
0.49
0.403
0.914
0.914
0.914
0.914
0.914
0.914
1.162
0.507
0.243
0.243
0.243
0.142
0.464
0.648
0.648
0.648
0.648
0.648
0.648
0.649
0.649
2.685
3.485
4.242
0.472
0.162
0.371
0.371
0.372
0.187
2.736
2.736
2.736
2.874
2.874
2.874
2.874
2.874
2.874
2.874
2.874
2.874
2.874
2.874
2.874
2.874
2.874
2.874
2.874
2.874
2.874
2.874
2.874
2.874
2.874
2.874
2.874
2.874
2.874
2.874
2.874
2.874
2.874
2.874
2.874
2.874
2.874
2.874
2.874
2.874
2.874
2.874
2.874
2.874
2.874
2.874
2.874
2.874
2.874
2.874
2.874
2.874
2.874
2.378
2.378
2.378
2.378
2.378
2.378
2.378
2.378
2.378
2.378
2.378
2.378
2.378
2.378
2.378
2.378
2.378
2.378
2.378
2.378
2.378
2.378
2.378
2.378
2.378
2.378
2.378
2.378
2.378
2.378
2.378
2.378
2.378
2.378
2.378
2.378
2.378
2.378
2.378
2.378
2.378
2.378
2.378
2.378
2.378
2.378
2.378
2.378
2.378
2.378
2.523
2.523
2.523
2.523
2.523
2.523
2.523
2.523
2.523
2.523
2.523
2.523
2.523
2.523
2.523
2.523
2.523
2.523
2.523
2.523
2.523
2.523
2.523
2.523
2.523
2.523
2.523
2.523
2.523
2.523
2.523
2.523
2.523
2.523
2.523
2.523
2.523
2.523
2.523
2.523
2.523
2.523
2.523
2.523
2.523
2.523
2.523
2.523
2.523
2.523
0.322
0.254
0.248
0.231
0.259
0.226
0.258
0.243
0.243
0.267
0.267
0.267
0.219
0.563
0.563
3.452
3.452
3.452
0.239
0.266
0.266
0.184
0.197
0.222
0.222
0.141
0.241
0.3
0.3
0.216
0.25
0.269
0.269
0.167
0.258
0.368
0.368
0.368
0.368
0.368
0.236
0.236
0.298
0.485
0.485
0.485
0.485
0.485
0.281
0.281
0.28
0.251
0.324
0.324
0.349
0.256
0.366
0.366
0.366
0.366
0.24
0.351
0.351
0.351
0.251
0.251
0.222
0.215
0.328
0.328
0.328
0.328
0.255
0.306
0.306
0.306
0.216
0.201
0.252
0.252
0.181
0.299
0.299
0.299
0.263
0.229
0.229
0.426
0.426
0.426
0.31
0.31
0.265
0.284
0.301
0.301
0.301
0.256
0.256
0.234
0.209
0.19
0.247
0.299
0.299
0.299
0.312
0.25
0.326
0.326
0.326
0.326
0.264
0.264
0.223
0.262
0.262
0.198
0.281
0.358
0.358
0.358
0.358
0.236
0.236
0.225
0.321
0.321
0.321
0.321
0.663
0.663
0.663
0.663
0.663
0.663
0.663
0.663
0.663
0.663
0.663
0.251
0.198
0.265
0.265
0.244
0.34
0.34
0.34
0.34
0.693
0.693
0.693
0.693
0.693
0.693
0.693
0.693
0.693
0.693
0.693
0.352
0.442
0.442
0.442
0.442
0.442
0.442
0.447
0.447
0.447
0.447
0.447
0.447
0.386
0.459
0.459
0.459
0.459
0.459
0.453
0.453
0.453
0.453
0.453
0.453
0.254
0.452
0.452
0.452
0.452
0.452
0.452
1.418
1.418
1.418
1.418
0.26
0.244
0.238
0.249
0.215
0.215
0.285
0.285
0.285
0.285
0.21
0.233
0.332
0.332
0.332
0.332
0.332
0.207
0.202
0.381
0.381
0.381
0.381
0.381
0.192
0.194
0.202
0.202
0.226
0.224
0.224
0.225
0.225
0.227
0.195
0.839
0.27
0.244
0.244
0.175
0.186
0.19
0.23
0.23
0.23
0.314
0.236
0.332
0.332
0.332
0.332
0.419
0.419
0.419
0.419
0.419
0.419
0.405
0.248
0.292
0.292
0.292
0.197
0.214
0.427
0.427
0.427
0.427
0.427
0.427
0.253
0.253
0.242
0.202
0.199
0.216
0.187
0.232
0.232
0.205
0.215
0.39
0.39
0.39
0.662
0.203
0.24
0.224
0.264
0.276
0.276
0.276
0.221
0.274
0.274
0.274
0.255
0.255
0.255
0.237
0.305
0.305
0.305
0.168
0.242
0.241
0.241
0.299
0.299
0.299
0.237
0.237
0.237
0.2
0.287
0.267
0.186
0.208
0.183
0.302
0.302
0.302
0.302
0.211
0.229
0.229
0.192
0.227
0.257
0.257
0.331
0.331
0.331
0.331
0.319
0.248
0.285
0.285
0.285
0.244
0.216
0.257
0.233
0.359
0.359
0.359
0.359
0.359
0.308
0.308
0.308
0.284
0.3
0.3
0.3
5.833
5.833
5.833
0.266
0.399
0.399
0.399
0.399
0.399
0.247
0.243
0.232
0.232
0.333
0.333
0.333
0.229
0.237
0.237
0.234
0.234
0.323
0.213
0.218
0.316
0.24
0.291
0.291
0.248
0.207
0.265
0.292
0.218
0.198
0.275
0.218
0.604
0.49
3.349
1.802
0.398
0.394
0.394
0.394
0.394
0.394
0.394
4.16
0.205
0.243
0.243
0.195
0.173
0.398
0.398
0.398
0.398
0.398
0.398
0.154
0.209
0.228
0.228
0.228
0.237
0.237
0.237
0.244
0.267
0.267
0.267
0.165
0.195
0.263
0.263
0.263
0.26
0.26
0.26
0.178
0.273
0.273
0.273
0.249
0.249
0.249
0.212
0.252
0.324
0.324
0.324
0.229
0.147
0.146
0.247
0.247
0.247
0.189
0.184
0.37
0.37
0.37
0.21
0.167
0.221
6.995
0.303
0.303
0.303
0.24
0.191
0.149
0.191
0.356
0.356
0.356
0.356
0.304
0.304
0.304
0.28
0.323
0.323
0.323
1.54
1.54
1.54
0.313
0.487
0.487
0.487
0.487
1.963
0.259
0.213
0.441
0.441
0.441
0.216
0.186
1.642
1.642
1.642
0.185
0.282
0.282
0.282
0.136
0.236
0.272
0.272
0.272
0.299
0.299
0.299
0.262
0.298
0.298
0.298
0.298
4.728
4.728
4.728
0.209
0.27
0.27
0.263
0.263
0.263
0.187
0.372
0.372
0.372
0.372
0.199
0.268
0.252
0.252
0.147
0.283
0.228
0.193
0.193
0.315
0.31
0.31
0.15
0.241
0.228
0.206
0.206
0.402
0.309
0.309
0.315
0.315
0.315
0.315
0.315
0.257
0.233
0.325
0.325
0.325
0.325
0.325
0.264
0.235
3.385
3.385
3.385
3.385
0.291
0.306
0.347
0.347
0.347
0.347
0.269
0.273
0.885
0.256
0.243
0.389
0.24
0.375
0.375
0.249
0.296
0.362
0.362
0.362
2.602
0.193
0.239
0.239
0.252
0.252
0.252
0.252
0.172
0.205
0.205
1.366
1.366
1.366
1.366
0.246
0.251
0.251
0.224
0.224
0.224
0.233
0.23
0.276
0.276
0.276
0.226
0.162
0.112
0.185
0.334
0.334
0.334
0.334
0.334
0.296
0.268
0.36
0.36
0.36
0.166
0.341
0.407
0.407
0.407
0.407
0.407
0.374
0.238
0.365
0.365
0.365
0.365
0.365
0.278
0.278
0.243
0.205
0.191
0.191
0.27
0.37
0.37
0.37
0.37
0.37
0.708
0.206
0.177
0.167
6.813
0.221
0.166
0.251
0.292
0.292
0.292
0.292
0.173
0.247
0.327
0.327
0.327
0.465
0.465
0.465
0.465
0.465
0.465
0.357
0.373
0.373
0.373
0.373
0.34
0.32
0.261
0.261
0.438
0.438
0.438
0.438
0.438
0.438
0.247
0.22
0.348
0.348
0.348
0.348
0.348
0.271
0.256
0.256
0.262
0.242
0.205
0.363
0.363
0.363
0.363
0.363
0.239
0.276
0.502
0.502
0.502
0.502
0.502
0.502
0.502
0.502
0.502
0.43
0.384
0.384
0.21
0.317
0.442
0.442
0.442
0.442
0.442
0.442
0.597
0.597
0.597
0.597
0.597
0.597
0.597
0.597
0.597
0.28
0.351
0.351
0.351
0.351
0.372
0.372
0.372
0.372
0.372
0.273
0.479
0.479
0.479
0.479
0.479
0.479
0.521
0.261
0.776
0.776
0.776
0.776
0.668
0.668
0.668
0.668
0.668
0.354
0.445
0.445
0.445
0.489
0.489
0.489
0.489
0.489
0.489
0.397
0.376
0.376
0.376
0.376
0.253
0.253
0.263
0.263
0.341
0.523
0.523
0.523
0.523
0.523
0.523
0.333
0.333
0.309
0.311
0.311
0.322
0.321
0.321
0.321
0.272
0.272
0.261
0.653
0.653
0.653
0.422
0.422
0.298
0.291
0.291
0.223
0.238
0.341
0.341
0.302
0.302
0.374
0.244
0.238
0.263
0.264
0.264
0.264
0.268
0.275
0.283
0.283
0.229
0.356
0.356
0.356
0.287
0.287
0.287
0.26
0.261
0.304
0.304
0.304
0.348
0.245
0.249
0.249
0.284
0.352
0.352
2.978
2.978
2.978
0.272
0.291
0.315
0.315
0.298
0.28
0.259
0.259
0.275
0.27
0.273
0.273
0.281
0.292
0.259
0.293
0.35
0.218
0.234
0.225
0.225
0.217
0.22
0.345
0.222
0.254
0.261
0.261
0.271
0.271
0.271
0.235
0.188
0.348
0.348
0.348
0.261
0.233
0.378
0.378
0.378
0.378
0.378
0.378
0.297
0.39
0.39
0.483
0.483
0.483
0.483
0.483
0.483
5.078
0.227
0.274
0.274
0.274
0.188
0.241
0.241
0.221
0.221
0.244
0.365
0.365
0.365
0.365
0.365
0.328
0.328
0.328
0.228
0.37
0.37
0.37
0.37
0.287
0.287
0.287
0.295
0.444
0.444
0.444
0.444
0.444
0.219
0.232
0.397
0.397
0.397
0.397
0.397
0.287
0.287
0.287
0.226
0.2
0.23
0.317
0.491
0.491
0.491
0.491
0.491
0.252
0.281
0.393
0.393
0.362
0.362
0.362
0.362
0.362
0.299
0.346
0.346
0.215
1.49
0.297
0.297
0.449
0.449
0.449
0.449
0.449
0.317
0.338
0.338
0.427
0.427
0.427
0.427
0.427
0.258
0.322
0.322
0.322
0.183
0.242
0.321
0.321
0.321
0.334
0.334
0.334
0.334
0.334
0.203
0.305
0.305
0.305
0.289
0.289
0.289
0.289
0.289
0.183
0.242
0.242
0.242
0.163
0.221
0.278
0.278
0.278
0.325
0.325
0.325
0.325
0.325
0.221
0.395
0.395
0.395
0.215
0.284
0.363
0.363
0.363
0.363
0.264
0.266
0.378
0.378
0.378
0.378
0.247
0.247
0.358
0.286
0.295
0.295
0.266
0.373
0.373
0.373
0.336
0.336
0.346
0.292
0.292
0.571
0.571
0.571
0.571
0.571
0.571
0.571
0.571
0.571
0.313
0.343
0.343
0.343
0.642
0.642
0.642
0.642
0.642
0.642
0.642
0.642
0.642
0.311
0.343
0.343
0.486
0.486
0.486
0.486
0.486
0.45
0.468
0.468
0.468
0.468
0.468
0.468
0.385
0.385
0.385
0.385
0.385
0.291
0.35
0.35
0.223
0.329
0.307
0.328
0.256
0.267
0.243
0.241
0.282
0.214
0.218
0.31
0.31
0.209
0.228
0.261
0.261
0.196
0.24
0.322
0.322
0.476
0.476
0.476
0.476
0.476
0.476
0.476
3.496
0.362
0.507
0.507
0.507
0.507
0.507
0.507
0.507
0.225
0.334
0.334
0.334
0.467
0.467
0.467
0.467
0.467
0.467
0.467
0.228
0.246
0.272
0.272
0.291
0.326
0.326
0.326
0.519
0.519
0.519
0.519
0.519
0.519
0.519
0.36
0.542
0.542
0.542
0.542
0.542
0.542
0.399
0.399
0.399
0.399
0.399
0.318
0.481
0.481
0.481
0.315
0.315
0.221
0.391
0.391
0.391
0.391
0.391
0.349
0.349
0.349
0.349
0.349
0.728
0.35
0.35
0.35
0.258
0.258
0.258
0.219
0.39
0.39
0.39
0.39
0.39
0.564
0.564
0.564
0.298
0.467
0.467
0.467
0.467
0.467
0.163
0.268
0.406
0.406
0.406
0.406
0.406
0.205
0.333
0.271
0.322
0.322
0.322
0.322
0.322
0.22
0.243
0.268
0.268
0.268
0.242
0.455
0.455
0.455
0.455
0.455
0.455
0.356
0.356
0.356
0.356
0.356
0.195
0.243
0.228
0.228
0.206
0.469
0.469
0.469
0.469
0.469
0.469
0.23
0.23
0.187
0.255
0.255
0.335
0.335
0.335
0.335
0.335
0.217
0.275
0.289
0.231
0.335
0.335
0.387
0.387
0.387
0.387
0.387
0.257
0.269
0.244
0.244
0.206
0.416
0.416
0.739
0.315
0.33
0.33
0.303
0.303
0.227
0.276
0.327
0.327
0.327
0.24
0.27
0.211
0.196
0.353
0.319
0.319
0.319
0.243
0.294
0.437
0.437
0.437
0.437
0.437
0.229
0.279
0.279
0.569
0.569
0.569
0.569
0.368
0.304
0.304
0.813
0.813
0.813
0.813
0.813
0.238
0.27
0.417
0.417
0.417
0.248
0.26
0.4
0.4
0.4
0.229
0.274
0.269
0.215
0.793
0.793
0.793
0.793
0.793
0.793
0.793
0.793
0.793
0.793
0.793
0.315
2.434
2.434
2.434
2.434
2.434
2.434
2.434
2.434
2.434
2.434
2.434
2.434
2.434
2.434
2.434
2.434
2.434
2.434
2.434
2.434
2.434
2.434
2.434
2.434
2.434
2.434
2.434
2.434
2.434
2.434
2.434
2.434
2.434
2.434
2.434
2.434
2.434
2.434
2.434
2.434
2.434
2.434
2.434
2.434
2.434
2.434
2.434
2.434
2.434
2.434
0.485
0.485
0.485
0.485
0.485
0.485
0.485
0.245
0.203
0.653
0.653
0.653
0.653
0.653
0.653
0.653
0.653
0.653
0.653
0.653
0.222
0.202
0.603
0.603
0.603
0.603
0.603
0.603
0.603
0.603
0.603
0.603
0.603
0.603
0.598
0.598
0.598
0.598
0.598
0.598
0.186
0.291
0.291
0.291
0.287
0.287
0.206
0.723
0.723
0.723
0.723
0.723
0.723
0.723
0.723
0.723
0.723
0.723
0.723
0.442
0.442
0.442
0.442
0.442
0.442
0.24
0.49
0.49
0.49
0.49
0.49
0.49
0.49
0.49
0.49
0.534
0.534
0.534
0.534
0.534
0.534
0.534
0.534
0.534
0.183
0.292
0.292
0.292
0.338
0.338
0.338
0.338
0.22
0.613
0.613
0.613
0.613
0.613
0.613
0.613
0.613
0.613
0.552
0.552
0.552
0.552
0.552
0.552
0.552
0.552
0.552
0.224
0.237
0.237
0.342
0.342
0.342
0.342
0.342
0.216
0.25
0.25
0.213
0.23
0.319
0.319
0.319
0.319
0.344
0.344
0.344
0.344
0.344
0.202
0.222
0.267
0.267
0.267
0.195
0.306
0.306
0.306
0.306
0.184
0.218
0.248
0.248
0.263
0.263
0.263
0.177
0.243
0.243
0.224
0.224
0.375
0.233
0.345
0.345
0.246
0.202
0.289
0.289
0.283
0.283
0.283
0.319
0.319
0.319
0.23
0.23
0.319
0.319
0.319
0.326
0.326
0.264
0.264
0.23
0.37
0.37
0.37
0.229
0.225
0.2
0.162
0.197
0.16
0.181
0.187
0.226
0.423
0.244
0.237
0.23
0.23
0.23
0.177
0.229
0.16
0.175
0.174
0.239
0.239
0.239
0.22
0.228
0.171
0.293
0.494
0.494
0.494
0.494
0.494
0.327
0.227
0.243
0.276
0.276
0.202
0.423
0.423
0.423
0.423
0.423
0.184
0.317
0.302
0.249
0.249
0.226
0.278
0.393
0.27
0.475
0.475
0.475
0.475
0.475
0.224
0.252
0.275
0.39
0.39
0.39
0.39
0.39
0.39
0.246
0.445
0.445
0.445
0.445
0.445
0.809
0.809
0.241
0.401
0.401
0.401
0.401
1.055
1.055
1.055
1.055
1.055
1.055
0.288
0.324
0.188
0.261
0.407
0.407
0.407
0.407
0.265
0.372
0.412
0.412
0.412
0.392
0.392
0.264
0.371
0.371
0.371
4.731
0.291
0.345
2.565
2.565
0.333
0.247
0.158
0.249
0.282
2.578
0.227
0.281
0.189
0.277
0.295
0.361
0.361
0.264
0.402
0.402
0.402
0.18
0.18
0.318
0.301
0.301
0.185
0.185
0.206
0.333
0.333
0.333
0.524
0.524
0.524
0.524
0.524
0.524
0.524
0.524
0.251
0.367
0.367
0.367
0.367
0.719
0.719
0.719
0.302
0.336
0.79
0.79
0.79
0.79
0.79
0.79
0.79
0.79
0.267
0.392
0.392
0.392
0.392
0.296
0.296
0.296
0.296
0.266
0.456
0.456
0.456
0.456
1.903
1.903
0.276
0.482
0.482
0.482
0.482
0.617
0.617
0.617
0.617
0.187
0.261
0.274
0.274
0.274
0.233
8.239
8.239
8.239
9.436
9.436
9.436
9.436
9.436
9.436
0.231
0.297
0.662
0.662
0.662
0.448
0.464
0.464
0.464
0.464
0.464
0.464
0.464
0.464
0.505
0.505
0.505
0.505
0.505
0.505
0.505
0.505
0.505
0.222
0.346
0.346
0.346
0.346
0.324
0.324
0.324
0.324
0.206
0.57
0.57
0.57
0.57
0.57
0.57
0.57
0.57
0.51
0.51
0.51
0.51
0.51
0.51
0.51
0.51
0.51
0.2
0.305
0.305
0.966
0.966
0.966
0.966
0.966
0.966
0.966
0.966
0.966
0.966
0.966
0.966
0.966
0.966
0.966
0.966
0.966
0.966
0.966
0.966
0.966
0.265
0.3
0.3
0.268
0.268
0.268
0.268
0.248
0.273
1.072
1.072
1.072
1.072
1.072
1.072
1.072
1.072
1.072
1.072
1.072
1.072
1.072
1.072
1.072
1.072
1.072
1.072
1.072
1.072
1.072
0.17
0.306
0.631
0.631
0.631
0.631
0.631
0.631
0.631
0.631
0.631
0.631
0.631
0.631
0.631
0.219
0.355
0.355
0.355
0.355
0.552
0.552
0.205
0.315
0.315
0.732
0.732
0.732
0.732
0.732
0.732
0.732
0.732
0.732
0.732
0.732
0.732
0.732
0.269
0.485
0.485
0.485
0.485
0.397
0.397
0.397
0.397
0.397
0.397
0.246
0.354
0.354
0.354
0.586
0.586
0.586
0.586
0.586
0.586
0.242
0.471
0.471
0.471
0.558
0.558
0.558
0.558
0.558
0.558
0.558
0.558
0.558
0.558
0.538
0.442
0.442
0.442
0.442
0.442
0.442
0.209
0.273
0.346
0.346
0.346
0.591
0.591
0.591
0.591
0.591
0.591
0.591
0.591
0.591
0.591
0.273
0.504
0.504
0.504
0.504
0.504
0.504
0.281
0.281
0.27
0.413
0.413
0.413
0.413
0.253
0.253
0.303
0.326
0.326
0.168
0.264
0.514
0.514
0.514
0.514
0.199
0.282
0.628
0.628
0.628
0.628
0.628
0.628
0.628
0.628
0.628
0.322
0.322
0.322
0.322
0.322
0.312
0.351
0.351
0.237
0.237
0.202
0.72
0.72
0.72
0.72
0.72
0.72
0.72
0.72
0.72
0.402
0.402
0.402
0.402
0.402
0.23
0.271
0.271
0.295
0.295
0.295
0.295
0.295
0.254
0.342
0.342
0.188
0.256
0.256
0.256
0.368
0.368
0.384
0.384
0.384
0.384
0.384
0.354
0.354
0.354
0.387
0.387
0.387
0.387
0.323
0.323
0.323
0.323
0.323
0.213
0.295
0.328
0.328
0.283
0.415
0.415
0.415
0.415
0.312
0.312
0.312
0.312
0.312
0.17
1.152
1.152
1.152
1.152
1.152
1.152
1.152
1.152
1.152
1.152
1.152
1.152
1.152
1.152
1.152
1.152
1.152
1.152
1.152
1.152
1.152
1.152
1.152
1.152
1.434
1.434
1.434
1.434
1.434
1.434
1.434
1.434
0.177
0.384
0.384
0.248
0.248
0.248
0.186
1.396
1.396
1.396
1.396
1.396
1.396
1.396
1.396
1.396
1.396
1.396
1.396
1.396
1.396
1.396
1.396
1.396
1.396
1.396
1.396
1.396
1.396
1.396
1.396
2.515
2.515
2.515
2.515
2.515
2.515
2.515
2.515
0.187
0.757
0.757
0.757
0.757
0.757
0.757
0.757
0.757
0.757
0.757
0.757
0.757
0.757
0.834
0.834
0.834
0.834
0.834
0.834
0.834
0.834
0.834
0.834
0.834
0.834
0.834
0.186
0.461
0.461
0.461
0.461
0.461
0.512
0.512
0.512
0.512
0.169
0.815
0.815
0.815
0.815
0.815
0.815
0.815
0.815
0.815
0.815
0.815
0.815
0.815
1.253
1.253
1.253
1.253
1.253
1.253
1.253
1.253
1.253
1.253
1.253
1.253
1.253
0.216
0.755
0.755
0.755
0.755
0.755
0.755
0.755
0.755
0.755
0.755
0.755
0.755
0.854
0.854
0.854
0.854
0.854
0.854
0.854
0.854
0.854
0.164
0.362
0.362
0.362
0.362
0.545
0.545
0.545
0.545
0.545
0.545
0.545
0.545
0.545
0.147
0.675
0.675
0.675
0.675
0.675
0.675
0.675
0.675
0.675
0.675
0.675
0.675
1.367
1.367
1.367
1.367
1.367
1.367
1.367
1.367
1.367
1.367
0.152
0.569
0.569
0.569
0.569
0.569
0.569
0.569
0.569
0.569
1.168
1.168
0.167
0.354
0.354
0.354
0.623
0.623
0.623
0.623
0.623
0.623
0.623
0.623
0.623
0.623
0.184
0.621
0.621
0.621
0.621
0.621
0.621
0.621
0.621
0.621
0.634
0.634
0.634
0.634
0.634
0.634
0.634
0.634
0.634
0.205
0.533
0.533
0.533
0.533
0.533
0.533
0.533
0.533
0.533
0.487
0.2
0.444
0.444
0.444
0.661
0.661
0.661
0.661
0.661
0.661
0.661
0.661
0.661
0.18
0.661
0.661
0.661
0.661
0.661
0.661
0.661
0.661
0.661
1.128
1.128
1.128
1.128
1.128
1.128
1.128
1.128
0.179
0.681
0.681
0.681
0.681
0.681
0.681
0.681
0.681
0.681
0.681
0.694
0.694
0.694
0.19
0.537
0.537
0.537
0.54
0.54
0.54
0.54
0.54
0.54
0.54
0.54
0.227
0.622
0.622
0.622
0.622
0.622
0.622
0.622
0.622
0.622
0.622
2.93
2.93
2.93
2.93
2.93
1.471
0.454
0.454
0.454
0.454
0.368
0.308
0.412
0.394
0.394
0.394
0.394
0.394
0.161
0.432
0.432
0.432
0.432
0.499
0.499
0.499
0.499
0.227
0.203
0.141
0.209
0.349
0.329
0.329
0.329
0.329
0.269
0.368
0.326
0.326
0.326
0.326
0.326
0.326
0.239
0.301
0.244
0.244
0.244
0.184
0.344
0.364
0.364
0.364
0.364
0.364
0.364
0.301
0.283
0.2
0.18
0.331
0.331
0.331
2.74
0.158
0.296
0.296
0.635
0.635
0.635
0.192
0.282
0.54
0.54
0.54
0.269
0.324
0.324
0.258
0.258
0.258
0.156
0.32
0.32
0.32
0.216
0.274
0.308
0.262
0.227
0.415
0.415
0.415
0.353
0.221
0.506
0.506
0.506
0.506
0.506
0.506
0.506
0.791
0.527
0.352
0.352
0.586
0.586
0.586
0.586
0.586
0.586
0.586
0.586
0.586
0.293
0.594
0.594
0.594
0.594
0.594
0.594
0.594
0.432
0.432
0.577
0.525
0.525
0.525
0.525
0.525
0.543
0.543
0.543
0.543
0.543
0.543
0.543
0.543
0.543
0.183
0.29
0.242
0.242
0.242
0.179
0.455
0.455
0.455
0.455
0.455
0.39
0.39
0.39
0.256
0.603
0.603
0.603
0.603
0.603
0.603
0.603
0.603
0.603
0.518
0.177
0.407
0.407
0.407
0.407
0.171
0.173
0.644
0.644
0.644
0.644
0.644
0.644
0.644
0.644
0.644
0.53
0.164
0.675
0.675
0.675
0.675
0.675
0.675
0.675
0.675
0.675
0.675
0.675
0.894
0.149
0.399
0.399
0.399
0.399
0.203
0.144
0.731
0.731
0.731
0.731
0.731
0.731
0.731
0.731
0.731
0.731
0.731
0.882
0.215
0.638
0.638
0.638
0.638
0.638
0.638
0.638
0.638
0.638
0.638
1.481
1.481
1.481
1.481
1.481
1.481
0.229
0.381
0.381
0.381
0.555
0.555
0.198
0.658
0.658
0.658
0.658
0.658
0.658
0.658
0.658
0.658
0.658
0.875
0.875
0.875
0.875
0.875
0.875
0.552
0.31
0.31
0.207
0.188
0.188
0.266
0.266
3.15
2.501
2.501
0.524
0.524
0.524
0.524
0.524
0.818
0.818
0.818
0.818
0.655
0.54
0.54
0.54
0.54
0.204
2.07
0.547
0.547
0.547
0.547
0.547
0.497
0.497
0.497
0.497
0.397
0.255
0.142
0.179
0.311
0.311
1.588
1.321
0.285
0.805
0.805
0.562
0.3
0.3
0.3
0.298
0.298
0.198
0.212
0.147
0.129
0.363
0.363
0.363
3.242
3.979
0.41
0.41
0.41
0.41
0.361
3.035
0.488
0.488
0.488
0.488
0.261
0.135
0.381
0.381
0.381
0.381
0.555
0.31
0.269
0.133
0.125
0.411
0.411
0.411
0.411
0.327
0.327
0.327
0.195
0.495
0.495
0.495
0.495
0.495
0.495
0.341
0.341
0.341
0.458
0.319
0.319
0.308
0.266
0.614
0.614
0.614
0.614
0.614
0.614
0.534
1.187
0.39
0.248
0.248
0.248
0.214
0.312
0.452
0.452
0.452
0.338
0.359
0.359
0.378
0.181
0.287
0.287
0.509
4.337
0.337
0.337
0.205
1.142
0.406
0.406
0.406
0.406
0.255
0.255
0.255
0.255
0.223
0.514
0.514
0.514
0.514
0.349
0.349
0.349
0.349
0.584
0.256
0.229
0.124
0.285
0.511
0.224
0.437
0.437
0.437
0.437
0.437
0.319
0.392
0.428
0.428
0.428
0.428
0.428
0.282
0.286
0.282
0.163
0.163
0.27
0.316
0.316
0.172
0.172
0.164
0.262
0.697
0.445
0.355
0.126
0.137
0.364
0.364
0.364
1.425
2.251
2.251
0.33
2.388
3.161
3.161
0.394
0.202
0.159
0.376
0.186
0.187
0.292
0.292
0.303
0.182
0.362
0.362
0.168
0.466
0.343
0.343
0.273
0.273
0.273
0.273
0.625
0.363
0.316
0.316
0.364
0.461
0.316
0.316
0.316
0.316
0.203
0.443
0.443
0.443
0.443
0.226
0.226
0.271
0.304
0.205
0.181
0.393
0.393
0.393
0.393
0.312
0.312
0.235
0.219
0.288
0.18
0.22
0.153
0.192
0.282
0.22
0.178
0.29
0.203
1.875
0.312
0.339
0.183
0.324
0.151
0.188
0.452
0.176
0.163
0.221
0.203
0.208
0.355
0.236
0.188
0.311
0.286
0.268
0.286
0.171
0.174
0.252
0.563
0.563
0.563
0.563
0.563
0.563
0.791
0.276
0.453
0.453
0.453
0.453
0.453
0.453
0.693
0.288
0.405
0.405
0.405
0.405
0.315
0.287
2.002
2.972
2.972
0.309
0.356
0.356
0.356
0.356
0.762
0.251
0.596
0.596
0.596
0.596
0.596
0.596
0.596
0.596
0.596
0.596
0.596
1.315
0.367
0.403
0.403
0.403
0.403
0.403
0.403
0.873
0.296
0.62
0.62
0.62
0.62
0.62
0.62
0.62
0.62
0.62
0.62
0.62
1.433
0.28
0.371
0.371
0.371
0.371
0.371
0.371
0.44
0.239
0.315
0.315
0.315
0.315
0.17
0.432
0.432
0.432
0.432
0.432
0.376
0.376
0.376
0.376
0.376
0.376
0.424
0.327
0.327
0.294
0.294
0.294
0.294
0.398
0.513
0.513
0.513
0.513
0.513
0.235
0.235
0.151
0.278
0.294
0.294
0.294
0.294
0.153
0.319
0.252
0.459
0.459
0.459
0.459
0.459
0.459
0.459
0.459
0.459
0.305
0.134
0.241
0.241
0.318
0.16
0.51
0.51
0.51
0.51
0.51
0.51
0.51
0.51
0.51
0.356
0.356
0.139
0.492
0.492
0.492
0.492
0.492
0.492
0.492
0.263
0.218
0.474
0.474
0.474
0.474
0.474
0.474
0.474
0.252
0.2
0.368
0.368
0.368
0.368
0.368
0.368
0.368
0.469
0.469
0.469
0.469
0.469
0.496
0.308
0.308
0.308
0.308
0.302
0.302
0.125
0.43
0.43
0.43
0.43
0.43
0.43
0.43
0.495
0.495
0.495
0.495
0.495
0.361
2.88
2.88
2.88
2.88
0.366
0.366
0.366
0.366
0.275
0.196
0.196
3.859
3.859
3.859
2.622
2.622
2.622
2.622
4.306
0.472
0.472
0.472
0.472
0.28
0.153
0.405
0.405
0.405
0.405
0.275
0.187
0.356
0.356
0.356
0.206
0.208
0.208
0.405
0.405
0.405
0.405
0.251
1.812
1.812
1.812
0.287
2.867
2.867
3.724
5.307
5.307
5.307
5.307
5.307
5.307
5.307
5.307
5.307
5.307
13.235
14.064
0.345
0.235
0.265
0.265
0.265
0.299
2.319
2.319
2.319
2.319
2.319
2.319
2.319
2.319
2.319
2.319
2.319
2.319
2.319
2.319
2.319
2.319
2.319
2.319
2.319
2.319
2.319
2.319
2.319
2.319
2.319
2.319
2.319
2.319
2.319
2.319
2.319
2.319
2.319
2.319
2.319
2.319
2.319
2.319
2.319
2.319
2.319
2.319
2.319
2.319
2.319
2.319
2.319
2.319
2.319
2.319
4.483
4.483
4.483
4.483
4.483
4.483
4.483
4.483
4.483
4.483
0.268
0.265
0.257
0.257
0.257
0.257
0.25
0.242
0.2
0.2
0.272
0.272
0.23
0.313
0.313
0.313
0.313
0.289
0.289
0.255
0.316
0.316
0.316
0.316
0.298
0.298
0.252
0.232
0.232
0.409
0.409
0.409
0.409
0.235
1.453
1.453
1.453
1.453
0.358
0.358
0.219
0.365
0.365
0.365
0.365
0.365
0.365
0.365
0.355
0.355
0.355
0.355
0.152
0.168
0.168
0.208
0.159
0.402
0.402
0.402
0.402
0.402
0.402
0.402
0.333
2.06
0.798
0.798
0.798
0.282
0.146
0.134
0.268
0.293
0.476
0.476
0.476
0.387
0.387
0.387
0.272
0.154
0.36
0.36
0.36
0.189
0.149
0.378
0.378
0.378
0.265
0.152
0.355
0.355
0.191
0.187
0.323
0.218
0.218
0.218
0.191
0.271
0.271
0.484
1.771
1.771
1.771
0.314
0.285
0.292
0.452
0.217
0.384
0.329
0.29
0.274
0.309
0.156
0.147
0.293
0.153
0.179
0.286
0.198
0.166
0.264
0.8
3.322
0.318
0.318
1.004
1.004
1.004
2.174
0.256
0.331
0.235
0.235
0.274
0.183
1.033
1.033
1.033
0.265
0.134
0.487
0.487
0.487
0.487
0.487
0.487
0.487
0.487
0.487
0.331
0.443
0.249
0.249
0.249
0.256
0.116
0.471
0.471
0.471
0.471
0.471
0.471
0.471
0.471
0.471
0.328
0.164
0.294
0.294
0.294
0.294
0.259
0.124
0.282
0.2
1.529
0.324
0.324
0.324
0.324
0.23
0.138
0.176
0.228
0.151
0.235
0.317
0.317
1.894
0.192
0.217
0.274
0.189
0.285
0.149
0.178
0.422
0.422
0.306
0.195
0.357
0.862
0.201
0.293
0.169
0.364
0.364
0.364
0.364
0.364
0.364
0.268
2.221
0.453
0.453
0.453
0.453
0.453
0.453
0.239
0.154
0.291
0.291
0.291
0.249
0.145
0.183
0.217
0.139
0.269
0.269
0.269
0.263
0.161
0.266
0.266
0.264
0.264
0.716
0.235
0.242
0.144
0.263
0.263
0.261
0.261
0.22
0.182
0.25
0.25
0.218
0.161
0.198
0.141
0.227
0.227
0.289
0.184
0.224
0.288
0.184
0.248
0.248
0.247
0.252
0.43
0.43
0.43
0.43
0.43
0.43
0.392
0.392
0.392
0.392
0.273
0.219
0.243
0.243
0.255
0.382
0.382
0.382
0.382
0.382
0.382
0.392
0.392
0.392
0.392
0.376
0.192
0.24
0.24
0.24
0.179
0.142
0.201
0.16
0.259
0.259
0.259
0.259
0.276
0.276
0.276
0.211
0.28
0.28
0.28
0.28
0.453
0.453
0.453
0.453
0.453
0.453
0.453
0.973
0.289
0.289
0.289
0.289
0.278
0.278
0.278
0.228
0.331
0.331
0.331
0.331
0.475
0.475
0.475
0.475
0.475
0.475
0.475
0.705
0.187
0.574
0.574
0.574
0.574
0.574
0.574
0.574
0.574
0.574
0.574
0.749
0.174
0.379
0.379
0.379
0.379
0.297
0.262
0.262
0.262
0.262
0.616
0.616
0.616
0.616
0.616
0.616
0.616
0.616
0.616
0.616
1.353
0.184
0.45
0.45
0.45
0.45
0.45
0.45
0.45
0.805
0.315
0.315
0.315
0.315
0.55
0.55
0.55
0.55
0.55
0.55
0.55
0.55
0.874
0.267
0.267
0.267
0.518
0.518
0.518
0.518
0.518
0.518
0.518
0.677
0.267
0.569
0.569
0.569
0.569
0.569
0.569
0.569
0.569
0.569
0.767
0.457
0.457
0.457
0.353
0.353
0.353
2.719
0.195
0.586
0.586
0.586
0.586
0.586
0.586
0.586
0.586
0.586
0.645
0.155
0.33
0.33
0.33
0.33
0.17
0.165
0.318
0.318
0.318
0.15
0.209
0.209
0.409
0.409
0.409
0.409
0.445
0.169
0.514
0.514
0.514
0.514
0.514
0.514
0.514
0.514
0.747
0.205
0.205
0.272
0.272
0.659
0.26
0.26
0.26
0.528
0.528
0.528
0.528
0.528
0.528
0.528
0.528
0.654
0.654
0.654
0.157
0.323
0.323
0.323
0.323
0.571
0.571
0.571
0.276
0.276
0.276
0.326
0.326
0.326
0.326
0.208
0.188
0.466
0.466
0.466
0.466
0.466
0.466
0.466
2.854
1.256
0.224
0.646
0.4
0.4
0.4
0.4
0.4
0.4
0.4
0.508
0.508
0.508
0.508
0.508
0.508
0.508
0.569
0.433
0.433
0.433
0.433
0.433
0.433
0.433
0.271
0.143
0.526
0.526
0.526
0.526
0.526
0.526
0.526
0.526
0.526
0.526
0.219
0.15
0.192
0.474
0.474
0.474
0.474
0.474
0.438
0.605
0.605
0.605
0.605
0.605
0.605
0.605
0.605
0.605
0.605
0.33
0.33
0.33
0.583
0.656
0.656
0.656
0.656
0.656
0.656
0.656
0.656
0.656
0.656
0.656
0.656
0.656
0.441
0.441
0.441
0.441
0.441
0.25
0.772
0.772
0.772
0.772
0.772
0.772
0.772
0.772
0.772
0.772
0.772
0.772
0.772
0.428
0.428
0.428
0.428
0.428
0.428
0.332
0.677
0.677
0.677
0.677
0.677
0.677
0.677
0.677
0.677
0.677
0.677
0.677
0.372
0.372
0.372
0.174
0.721
0.721
0.721
0.721
0.721
0.721
0.721
0.721
0.721
0.721
0.721
0.721
0.533
0.533
0.533
0.533
0.533
0.533
0.404
0.64
0.64
0.64
0.64
0.64
0.64
0.64
0.64
0.64
0.64
0.64
0.64
0.64
0.294
0.294
0.294
0.294
0.165
0.221
0.221
0.221
0.2
0.2
0.27
0.693
0.693
0.693
0.693
0.693
0.693
0.693
0.693
0.693
0.693
0.693
0.693
0.693
0.332
0.332
0.332
0.332
0.127
0.717
0.717
0.717
0.717
0.717
0.717
0.717
0.717
0.717
0.717
0.717
0.717
0.717
0.717
0.717
0.717
0.179
0.153
0.143
2.522
2.285
0.903
0.903
0.903
0.903
0.903
0.903
0.903
0.903
0.903
0.903
0.903
0.903
0.903
0.903
0.903
0.903
0.276
0.276
0.195
0.763
0.763
0.763
0.763
0.763
0.763
0.763
0.763
0.763
0.763
0.763
0.763
0.763
0.763
0.322
0.152
0.364
0.364
0.364
0.364
