5.944
2.911
0.23
0.151
0.223
0.216
0.139
17.857
18.785
18.785
18.785
27.8
27.8
10.234
11.107
11.107
11.107
0.353
21.309
21.309
10.686
0.187
21.34
21.34
10.738
0.129
21.31
21.31
10.684
0.135
21.376
21.376
10.717
0.149
21.49
21.49
10.867
10.867
0.369
21.507
21.507
21.507
21.507
21.507
10.779
10.779
0.161
21.492
21.492
21.492
21.492
21.492
10.94
10.94
0.272
21.34
11.005
11.005
11.005
11.005
0.151
21.225
10.871
10.871
0.135
21.266
21.266
21.266
10.803
10.803
10.803
10.803
0.456
21.221
10.677
0.212
0.212
0.212
21.193
21.193
21.193
10.746
0.219
0.219
0.219
21.146
21.146
10.84
10.84
0.133
21.235
10.68
0.132
21.358
21.358
10.718
10.718
0.173
21.334
21.334
21.334
10.672
0.173
21.275
10.672
0.145
21.325
21.325
21.325
10.639
10.639
0.153
21.36
21.36
21.36
21.36
10.748
0.164
21.37
21.37
11.313
11.313
0.174
21.296
21.296
21.296
21.296
11.208
11.208
11.208
11.208
11.208
11.208
11.208
11.208
11.208
11.208
11.208
0.928
21.366
21.366
21.366
21.366
11.182
11.182
0.22
21.493
11.388
11.388
11.388
11.388
11.388
11.388
11.388
11.388
11.388
11.388
11.388
1.174
21.671
21.671
21.671
21.671
11.153
11.153
11.153
11.153
11.153
11.153
0.45
22.12
22.12
22.12
22.12
22.12
22.12
11.061
11.061
11.061
11.061
11.061
11.061
0.9
21.548
21.548
21.548
21.548
21.548
10.83
10.83
10.83
10.83
0.279
21.39
21.39
21.39
21.39
21.39
21.39
10.835
0.15
21.31
11.006
11.006
11.006
11.006
0.327
21.219
21.219
11.009
11.009
11.009
11.009
11.009
0.272
21.089
10.825
10.825
10.825
10.825
10.825
0.259
21.125
10.745
10.745
0.343
21.086
10.661
10.661
0.234
21.137
21.137
10.608
0.137
21.103
10.734
0.175
21.089
21.089
10.809
10.809
10.809
0.216
21.23
10.764
10.764
10.764
0.256
21.363
10.627
0.144
21.534
21.534
21.534
21.534
21.534
21.534
10.712
0.14
21.34
21.34
21.34
10.644
10.644
0.135
21.249
21.249
21.249
21.249
21.249
21.249
10.676
0.154
21.099
10.741
10.741
0.151
21.171
10.725
10.725
10.725
0.165
21.139
10.694
0.145
21.177
10.778
10.778
10.778
0.237
21.307
10.708
10.708
10.708
0.134
21.319
21.319
21.319
10.71
0.15
21.307
21.307
21.307
10.711
10.711
10.711
0.139
21.168
21.168
10.678
0.141
21.133
21.133
10.775
0.156
21.097
10.779
10.779
10.779
10.779
0.206
21.151
10.83
0.144
21.133
21.133
10.884
10.884
10.884
10.884
0.226
21.093
21.093
10.695
10.695
10.695
0.282
21.221
10.702
0.152
21.387
10.952
10.952
10.952
0.279
21.507
21.507
21.507
21.507
21.507
10.8
10.8
10.8
0.275
21.411
21.411
21.411
10.739
0.178
21.355
21.355
21.355
21.355
21.355
21.578
21.578
3.316
14.78
14.78
14.78
10.684
10.684
0.355
21.145
21.145
10.689
0.151
21.076
10.678
10.678
0.194
21.065
10.661
0.168
21.045
10.673
0.209
21.072
10.662
0.138
21.627
10.636
0.176
21.747
10.7
0.142
21.763
21.763
21.763
21.763
21.763
21.763
10.692
0.188
21.494
21.494
10.739
0.146
21.496
21.496
21.496
21.496
21.496
21.496
10.76
10.76
10.76
0.233
21.333
21.333
21.333
10.776
0.175
21.368
21.368
21.368
10.802
10.802
10.802
0.157
21.249
21.249
21.249
10.849
10.849
10.849
0.162
21.171
21.171
21.171
11.156
11.156
11.156
0.226
0.226
0.226
21.089
10.767
0.246
0.246
0.246
21.129
10.721
0.144
21.225
10.886
0.167
21.258
10.989
10.989
10.989
0.199
21.491
10.797
0.144
21.46
10.853
10.853
10.853
0.282
21.624
21.624
21.624
21.624
10.752
10.752
10.752
0.267
21.422
21.422
21.422
14.416
22.103
22.103
22.103
22.103
4.214
11.064
11.064
11.064
0.265
21.256
10.795
10.795
10.795
0.122
21.494
10.75
0.109
21.456
21.456
21.456
10.759
10.759
10.759
0.333
21.371
21.371
21.371
10.817
10.817
10.817
22.555
22.555
22.555
22.555
4.634
11.097
11.097
11.097
0.291
21.56
21.56
10.763
0.132
21.233
21.233
21.233
21.233
10.778
0.114
21.163
21.163
10.976
10.976
0.207
21.13
10.643
0.107
21.111
21.111
10.843
10.843
0.157
21.119
10.965
10.965
10.965
10.965
10.965
0.41
21.096
21.096
11.069
11.069
11.069
11.069
11.069
0.315
21.085
11.015
11.015
11.015
11.015
0.332
21.12
10.778
10.778
10.778
10.778
0.148
21.073
10.655
0.452
21.161
10.784
1.163
21.192
10.697
0.218
21.245
21.245
10.895
0.154
21.256
21.256
21.256
10.95
10.95
10.95
10.95
0.368
21.191
21.191
10.871
10.871
10.871
10.871
0.24
21.155
21.155
10.8
10.8
10.8
0.141
21.159
21.159
10.828
10.828
10.828
0.147
21.285
10.664
0.125
21.345
10.582
0.142
21.482
21.482
21.482
21.482
21.482
10.602
0.122
21.437
21.437
21.437
10.611
0.125
21.351
21.351
21.351
21.351
21.351
10.716
10.716
0.158
21.376
21.376
21.376
21.376
21.376
10.659
10.659
0.125
21.408
10.577
0.133
21.396
21.396
21.396
21.396
21.396
10.574
0.174
21.158
10.634
0.134
21.23
10.803
0.135
21.364
21.364
21.364
21.364
10.813
10.813
10.813
10.813
10.813
10.813
0.262
21.342
21.342
21.342
10.907
0.166
21.376
21.376
21.376
21.376
11.04
11.04
11.04
11.04
11.04
11.04
0.27
21.182
21.182
10.879
10.879
10.879
10.879
10.879
0.147
21.136
10.831
0.165
21.133
21.133
11.174
11.174
11.174
11.174
11.174
0.247
21.136
10.988
10.988
10.988
10.988
10.988
10.988
10.988
10.988
10.988
0.537
21.37
11.062
0.181
21.517
21.517
11.238
11.238
11.238
11.238
11.238
11.238
11.238
11.238
11.238
0.644
21.686
21.686
21.686
21.686
21.686
21.686
10.796
10.796
10.796
10.796
10.796
0.182
21.677
21.677
21.677
21.677
10.884
0.171
21.593
21.593
21.593
21.593
21.593
21.593
11.012
11.012
11.012
11.012
11.012
0.217
21.434
21.434
21.434
21.434
10.911
10.911
10.911
10.911
10.911
10.911
0.246
0.246
21.295
21.295
21.295
10.969
10.969
0.209
0.209
21.185
21.185
21.185
21.185
11.076
11.076
11.076
11.076
11.076
11.076
0.411
21.141
10.76
10.76
0.163
21.196
10.745
10.745
0.158
21.24
21.24
21.24
10.645
10.645
0.184
21.189
21.189
21.189
10.721
0.181
21.11
21.11
10.725
10.725
0.177
21.139
21.139
10.704
0.146
21.096
10.75
10.75
0.162
21.176
0.337
28.884
20.606
20.606
0.304
28.96
28.96
28.96
10.8
10.8
10.8
0.224
21.254
10.758
10.758
10.758
0.211
21.186
10.768
10.768
0.366
21.193
21.193
10.998
10.998
10.998
0.257
21.143
10.744
10.744
0.226
21.085
10.714
10.714
0.205
21.073
10.673
10.673
0.28
21.174
10.615
0.318
21.191
10.615
0.195
21.194
21.194
10.614
0.182
21.132
10.73
0.174
21.11
21.11
10.766
10.766
10.766
0.184
21.095
10.921
10.921
10.921
0.225
21.079
11.11
11.11
11.11
11.11
11.11
11.11
0.208
21.196
21.196
11.15
11.15
11.15
11.15
11.15
11.15
0.195
21.268
10.769
10.769
10.769
0.22
21.418
21.418
10.782
10.782
0.192
21.814
21.814
21.814
21.814
21.814
10.93
10.93
10.93
0.16
21.598
21.598
21.598
21.598
10.696
10.696
10.696
0.142
21.396
21.396
21.396
21.396
21.396
10.693
0.174
21.431
21.431
21.431
21.431
21.431
10.735
10.735
10.735
0.155
21.301
10.612
0.142
21.311
21.311
21.311
21.311
21.311
10.773
0.13
21.098
21.098
10.748
10.748
10.748
10.748
10.748
0.213
21.133
21.133
10.796
0.157
21.227
21.227
10.921
10.921
10.921
10.921
10.921
0.156
21.289
21.289
10.756
10.756
10.756
10.756
10.756
0.157
21.24
21.24
21.24
10.758
0.176
21.294
21.294
21.294
10.915
10.915
10.915
10.915
10.915
0.153
21.318
21.318
21.318
10.72
10.72
10.72
10.72
10.72
0.178
21.281
21.281
21.281
10.772
0.158
21.349
21.349
21.349
10.759
10.759
10.759
10.759
10.759
0.173
21.402
21.402
21.402
10.592
0.219
21.36
21.36
21.36
21.36
10.602
0.163
21.294
21.294
21.294
21.294
10.736
10.736
0.172
21.166
10.738
10.738
0.209
21.255
21.255
21.255
10.98
10.98
0.152
21.218
21.218
11.354
11.354
11.354
11.354
11.354
11.354
11.354
11.354
11.354
0.18
21.387
21.387
21.387
11.18
11.18
11.18
11.18
11.18
11.18
11.18
11.18
11.18
0.161
21.344
21.344
10.949
10.949
10.949
10.949
10.949
0.17
21.346
21.346
21.346
21.346
21.346
21.346
10.837
10.837
10.837
10.837
10.837
0.15
21.136
21.136
10.598
0.236
21.07
10.599
0.237
21.173
10.643
0.213
21.22
10.624
0.208
21.436
21.436
10.711
0.227
21.133
21.133
10.819
0.186
21.193
21.193
11.109
11.109
11.109
11.109
11.109
11.109
11.109
0.169
21.157
11.136
11.136
11.136
11.136
11.136
11.136
11.136
0.166
21.201
21.201
21.201
10.854
10.854
10.854
10.854
10.854
10.854
10.854
0.194
21.35
10.899
10.899
0.162
21.495
21.495
21.495
11.069
11.069
11.069
11.069
11.069
11.069
11.069
0.225
21.611
21.611
21.611
21.611
21.611
21.611
11.407
11.407
11.407
11.407
11.407
0.223
21.469
21.469
21.469
10.964
10.964
0.229
21.56
21.56
21.56
21.56
21.56
11.162
11.162
11.162
11.162
11.162
0.199
21.439
21.439
21.439
11.046
11.046
11.046
0.295
21.856
21.856
21.856
21.856
21.856
10.994
10.994
10.994
0.844
21.886
21.886
21.886
21.886
21.886
10.823
0.274
21.822
21.822
21.822
21.822
21.822
11.038
0.268
21.543
10.989
10.989
10.989
10.989
10.989
0.46
21.311
10.895
10.895
10.895
0.213
21.508
21.508
21.508
21.508
21.508
21.508
10.885
10.885
10.885
10.885
10.885
0.214
21.375
10.741
10.741
0.185
21.39
21.39
21.39
21.39
21.39
21.39
10.898
10.898
0.197
21.232
21.232
10.801
10.801
10.801
10.801
10.801
0.186
21.18
10.802
0.177
21.172
21.172
10.891
10.891
10.891
10.891
10.891
0.186
21.188
10.666
10.666
0.208
21.156
21.156
10.705
0.208
21.146
21.146
10.872
10.872
0.19
21.17
10.939
10.939
10.939
0.23
21.21
10.935
0.235
21.223
10.935
10.935
10.935
0.305
21.248
10.938
10.938
10.938
10.938
10.938
0.213
21.204
21.204
10.982
10.982
10.982
10.982
0.373
21.202
21.202
11.187
11.187
11.187
11.187
11.187
0.237
21.605
10.809
10.809
10.809
0.188
21.986
10.696
10.696
10.696
2.558
2.558
2.558
2.558
2.558
2.558
2.558
2.558
2.558
2.558
2.558
2.558
2.558
2.558
2.558
2.558
2.558
2.558
2.558
2.558
2.558
2.558
2.558
2.558
2.558
2.558
2.558
2.558
2.558
2.558
2.558
2.558
2.558
2.558
2.558
2.558
2.558
2.558
2.558
2.558
2.558
2.558
2.558
2.558
2.558
2.558
2.558
2.558
2.558
2.558
14.348
27.331
0.286
24.058
24.058
24.058
24.058
24.058
24.058
24.058
24.058
24.058
24.058
24.058
11.637
0.248
22.344
22.344
22.344
22.344
22.344
22.344
22.344
11.09
0.346
22.141
22.141
22.141
22.141
22.141
22.141
22.141
22.141
22.141
22.141
22.141
11.337
0.219
22.128
22.128
22.128
22.128
22.128
22.128
22.128
22.128
22.128
22.128
22.128
22.128
11.694
11.694
11.694
11.694
11.694
11.694
0.279
22.047
22.047
22.047
11.31
11.31
0.219
22.034
22.034
22.034
22.034
22.034
22.034
22.034
22.034
22.034
22.034
22.034
22.034
11.415
11.415
11.415
11.415
11.415
11.415
0.176
21.851
21.851
21.851
21.851
21.851
21.851
21.851
21.851
21.851
11.004
11.004
11.004
11.004
11.004
11.004
11.004
11.004
11.004
0.184
21.556
21.556
21.556
11.234
11.234
11.234
11.234
0.205
21.497
21.497
21.497
21.497
21.497
21.497
21.497
21.497
21.497
11.131
11.131
11.131
11.131
11.131
11.131
11.131
11.131
11.131
0.21
21.236
21.236
10.74
10.74
10.74
10.74
10.74
0.179
21.215
21.215
10.79
0.213
21.492
21.492
21.492
21.492
10.833
10.833
10.833
10.833
10.833
0.205
21.434
10.706
10.706
10.706
0.184
21.302
21.302
21.302
21.302
10.733
0.166
21.19
21.19
10.733
10.733
10.733
0.164
21.163
21.163
10.717
10.717
0.413
0.413
0.413
21.296
10.782
10.782
0.281
0.281
0.281
21.294
10.746
10.746
0.234
21.384
21.384
21.384
10.802
10.802
0.192
21.312
21.312
10.682
10.682
0.395
21.303
21.303
21.303
10.656
0.218
21.139
10.654
0.221
21.141
10.777
0.243
21.16
10.744
0.233
21.18
10.763
10.763
10.763
0.288
21.16
10.765
0.224
21.333
10.975
10.975
10.975
0.204
21.31
10.676
0.214
21.478
21.478
21.478
21.478
21.478
10.686
0.203
21.302
10.697
10.697
0.258
21.291
21.291
21.291
21.291
21.291
10.669
0.266
21.272
10.693
10.693
0.22
21.307
10.651
0.207
21.503
21.503
21.503
21.503
21.503
10.823
0.221
21.435
10.873
10.873
10.873
10.873
10.873
10.873
0.215
21.451
21.451
21.451
21.451
21.451
10.874
10.874
0.254
21.387
21.387
21.387
21.387
10.809
10.809
10.809
10.809
10.809
10.809
0.208
21.338
10.734
0.23
21.399
21.399
21.399
21.399
10.7
0.456
21.335
21.335
21.335
10.652
10.652
0.204
21.241
21.241
21.241
10.692
0.212
21.14
10.652
10.652
0.273
21.057
10.684
0.19
21.064
10.697
0.193
21.179
10.684
0.206
21.242
10.708
10.708
0.216
21.307
21.307
21.307
10.7
10.7
0.202
21.325
21.325
10.909
10.909
0.278
21.25
21.25
21.25
11.008
11.008
11.008
11.008
11.008
11.008
11.008
11.008
0.198
21.31
21.31
21.31
21.31
10.983
10.983
10.983
0.198
21.289
10.996
10.996
10.996
10.996
10.996
10.996
10.996
10.996
0.21
21.428
21.428
21.428
21.428
10.799
10.799
10.799
10.799
0.225
21.306
21.306
21.306
21.306
10.805
10.805
0.236
21.439
21.439
21.439
21.439
10.818
10.818
10.818
10.818
0.181
2.9
19.729
19.729
19.729
32.071
21.801
21.801
21.801
21.801
21.801
21.801
10.949
10.949
10.949
0.205
21.533
11.032
11.032
11.032
0.278
21.9
21.9
21.9
21.9
21.9
21.9
21.9
21.9
11.388
11.388
11.388
11.388
11.388
11.388
11.388
11.388
11.388
0.207
21.789
21.789
21.789
21.789
11.113
11.113
11.113
11.113
0.193
21.675
21.675
21.675
21.675
21.675
21.675
21.675
21.675
11.721
11.721
11.721
11.721
11.721
11.721
11.721
11.721
11.721
0.507
21.343
21.343
11.517
11.517
11.517
11.517
11.517
11.517
11.517
11.517
11.517
11.517
11.517
11.517
11.517
11.517
11.517
11.517
11.517
11.517
11.517
11.517
11.517
0.213
21.156
21.156
11.607
11.607
11.607
11.607
0.19
21.162
11.923
11.923
11.923
11.923
11.923
11.923
11.923
11.923
11.923
11.923
11.923
11.923
11.923
11.923
11.923
11.923
11.923
11.923
11.923
11.923
11.923
0.25
21.618
11.154
11.154
11.154
11.154
11.154
11.154
11.154
11.154
11.154
11.154
11.154
11.154
11.154
0.205
21.394
21.394
21.394
21.394
11.308
11.308
0.204
21.375
21.375
11.374
11.374
11.374
11.374
11.374
11.374
11.374
11.374
11.374
11.374
11.374
11.374
11.374
0.22
21.41
21.41
21.41
21.41
11.123
11.123
11.123
11.123
11.123
11.123
0.229
21.541
21.541
21.541
11.31
11.31
11.31
11.31
11.31
11.31
0.206
21.549
21.549
21.549
11.019
11.019
11.019
11.019
11.019
11.019
11.019
11.019
11.019
11.019
0.212
21.871
21.871
21.871
21.871
21.871
21.871
11.062
0.641
21.706
21.706
21.706
11.113
11.113
11.113
11.113
11.113
11.113
11.113
11.113
11.113
11.113
0.209
21.625
21.625
21.625
21.625
21.625
21.625
10.751
10.751
0.202
21.492
21.492
21.492
21.492
10.732
10.732
0.199
21.682
21.682
10.758
0.214
21.724
21.724
21.724
21.724
10.847
0.296
22.027
22.027
22.027
22.027
22.027
22.027
22.027
22.027
22.027
10.882
10.882
10.882
10.882
10.882
0.232
21.764
21.764
11.04
11.04
0.204
21.68
21.68
21.68
21.68
21.68
21.68
21.68
21.68
21.68
11.032
11.032
11.032
11.032
11.032
0.282
0.282
0.282
21.252
21.252
10.8
10.8
10.8
10.8
10.8
0.292
0.292
0.292
21.313
21.313
10.838
0.209
21.321
21.321
11.07
11.07
11.07
11.07
11.07
0.198
21.332
21.332
21.332
21.332
10.841
10.841
10.841
10.841
10.841
0.192
22.115
10.84
10.84
0.165
22.123
22.123
22.123
22.123
11.056
11.056
11.056
11.056
11.056
0.246
22.979
22.979
22.979
22.979
22.979
22.979
22.979
22.979
22.979
22.979
22.979
22.979
22.979
22.979
22.979
22.979
22.979
22.979
22.979
22.979
22.979
22.979
22.979
22.979
10.975
10.975
10.975
10.975
10.975
10.975
10.975
10.975
0.446
22.606
22.606
11.009
11.009
11.009
0.159
22.692
22.692
22.692
22.692
22.692
22.692
22.692
22.692
22.692
22.692
22.692
22.692
22.692
22.692
22.692
22.692
22.692
22.692
22.692
22.692
22.692
22.692
22.692
22.692
11.4
11.4
11.4
11.4
11.4
11.4
11.4
11.4
0.597
10.557
23.598
23.598
23.598
23.598
23.598
23.598
23.598
23.598
23.598
23.598
23.598
23.598
23.598
37.594
37.594
37.594
37.594
37.594
37.594
37.594
37.594
37.594
37.594
37.594
37.594
37.594
3.435
32.979
32.979
32.979
32.979
32.979
22.102
22.102
22.102
22.102
0.185
35.046
35.046
35.046
35.046
35.046
35.046
35.046
35.046
35.046
35.046
35.046
35.046
35.046
1.395
24.345
24.345
24.345
24.345
24.345
24.345
24.345
24.345
24.345
24.345
24.345
24.345
24.345
34.066
34.066
34.066
34.066
34.066
34.066
34.066
34.066
34.066
34.066
34.066
34.066
22.112
22.112
22.112
22.112
22.112
22.112
22.112
22.112
22.112
0.374
33.706
33.706
33.706
33.706
21.784
21.784
21.784
21.784
21.784
21.784
21.784
21.784
21.784
0.442
32.842
32.842
32.842
32.842
32.842
32.842
32.842
32.842
32.842
32.842
32.842
32.842
21.927
21.927
21.927
21.927
21.927
21.927
21.927
21.927
21.927
21.927
0.461
32.589
32.589
32.589
32.589
32.589
32.589
32.589
32.589
32.589
21.764
21.764
0.162
32.377
32.377
32.377
21.736
21.736
21.736
21.736
21.736
21.736
21.736
21.736
21.736
21.736
0.606
32.754
32.754
32.754
32.754
32.754
32.754
32.754
32.754
32.754
21.818
21.818
21.818
21.818
21.818
21.818
21.818
21.818
21.818
0.513
32.634
32.634
32.634
32.634
32.634
32.634
32.634
32.634
32.634
21.911
0.149
32.44
32.44
32.44
21.768
21.768
21.768
21.768
21.768
21.768
21.768
21.768
21.768
0.458
32.759
32.759
32.759
32.759
32.759
32.759
32.759
32.759
32.759
21.823
21.823
21.823
21.823
21.823
21.823
21.823
21.823
0.386
32.479
32.479
32.479
32.479
32.479
32.479
32.479
32.479
32.479
32.479
21.746
21.746
21.746
0.147
32.134
32.134
32.134
21.47
21.47
21.47
21.47
21.47
21.47
21.47
21.47
0.405
32.159
32.159
32.159
32.159
32.159
32.159
32.159
32.159
32.159
32.159
21.464
21.464
21.464
21.464
21.464
0.235
31.779
31.779
31.779
31.779
21.33
0.165
31.661
21.338
21.338
21.338
21.338
21.338
0.214
31.709
31.709
31.709
31.709
6.727
29.019
29.019
29.019
29.019
31.547
21.366
0.171
31.562
21.417
21.417
21.417
21.417
0.136
31.532
21.537
21.537
21.537
21.537
21.537
21.537
0.22
31.717
21.357
21.357
21.357
0.142
31.723
21.264
21.264
21.264
21.264
21.264
21.264
0.197
31.746
21.094
0.149
31.695
31.695
31.695
21.194
0.139
31.916
31.916
21.305
21.305
21.305
0.183
31.703
0.281
21.986
21.986
21.986
31.771
31.771
21.145
21.145
21.145
0.224
31.899
31.899
31.899
21.042
0.154
31.87
21.034
0.149
32.116
32.116
32.116
21.293
0.143
32.18
32.18
32.18
32.18
32.18
32.18
32.18
21.335
0.136
31.988
31.988
21.681
21.681
21.681
21.681
21.681
21.681
21.681
21.681
21.681
0.417
32.1
32.1
32.1
32.1
32.1
32.1
32.1
21.491
21.491
0.169
32.148
32.148
32.148
32.148
32.148
21.496
21.496
21.496
21.496
21.496
21.496
21.496
21.496
21.496
0.479
32.115
21.174
21.174
21.174
0.126
32.908
32.908
32.908
32.908
32.908
0.161
21.973
21.973
21.973
32.766
32.766
32.766
32.766
32.766
32.766
32.766
32.766
32.766
22.029
0.194
32.622
32.622
32.622
32.622
21.657
0.155
33.038
33.038
33.038
33.038
33.038
33.038
33.038
33.038
33.038
0.395
22.263
33.002
33.002
33.002
33.002
33.002
33.002
33.002
33.002
33.002
33.002
33.002
0.532
22.574
32.737
32.737
32.737
32.737
0.143
21.74
32.91
32.91
32.91
32.91
32.91
32.91
32.91
32.91
32.91
32.91
32.91
0.594
21.737
32.586
32.586
32.586
32.586
32.586
32.586
32.586
32.586
32.586
32.586
0.442
0.442
21.945
21.945
21.945
21.945
21.945
21.945
32.3
32.3
32.3
0.198
0.198
21.538
21.538
32.367
32.367
32.367
32.367
32.367
32.367
32.367
32.367
32.367
32.367
0.458
21.31
21.31
21.31
21.31
21.31
21.31
32.067
32.067
0.165
21.236
32.206
32.206
0.124
21.343
32.207
32.207
32.207
32.207
32.207
0.239
21.608
21.608
21.608
21.608
32.179
32.179
32.179
32.179
0.167
21.53
32.159
32.159
32.159
32.159
32.159
0.137
21.421
21.421
21.421
21.421
31.999
0.176
21.304
31.927
31.927
0.164
21.385
31.838
0.173
21.241
21.241
31.932
31.932
31.932
0.201
21.325
21.325
32.181
0.181
21.735
32.255
32.255
32.255
0.195
21.572
32.372
32.372
32.372
32.372
0.321
21.204
32.203
32.203
32.203
32.203
0.224
21.119
32.073
32.073
32.073
32.073
0.152
21.369
32.09
0.192
21.535
32.464
32.464
32.464
32.464
0.158
21.591
21.591
21.591
32.35
32.35
32.35
32.35
32.35
32.35
0.189
21.657
21.657
21.657
32.205
32.205
0.183
21.37
32.229
32.229
32.229
32.229
32.229
32.229
0.346
21.359
31.777
0.243
21.33
21.33
21.33
31.915
0.223
21.249
21.249
21.249
32.099
32.099
0.136
21.394
32.293
32.293
0.14
21.788
32.304
32.304
0.142
21.702
32.155
32.155
32.155
32.155
0.17
21.405
21.405
21.405
21.405
32.119
32.119
32.119
32.119
0.304
21.23
21.23
21.23
21.23
32.01
0.161
21.18
31.999
0.14
21.228
32.049
32.049
32.049
32.049
32.049
0.154
21.243
31.946
31.946
31.946
31.946
31.946
0.13
21.268
31.829
0.13
21.202
21.202
31.855
31.855
0.139
21.315
21.315
31.859
0.161
21.288
31.802
0.164
21.188
31.725
31.725
31.725
0.339
21.133
21.133
31.617
0.142
21.119
21.119
31.719
0.151
21.043
31.773
0.17
21.208
31.959
31.959
0.169
21.42
32.008
32.008
0.265
21.391
32.046
32.046
0.218
21.478
21.478
21.478
21.478
31.848
0.173
21.329
21.329
31.89
0.159
21.239
21.239
21.239
21.239
31.881
31.881
31.881
31.881
0.275
21.169
21.169
31.798
0.148
21.156
31.769
31.769
31.769
31.769
0.371
21.131
21.131
31.58
0.155
21.077
31.699
0.23
21.121
31.744
0.28
21.116
31.743
0.246
21.241
31.757
0.17
21.149
31.753
0.178
21.171
31.791
0.248
21.149
31.73
0.162
21.15
31.702
0.145
21.16
31.699
0.152
21.389
31.691
0.15
21.51
31.611
0.137
21.543
21.543
21.543
21.543
21.543
21.543
31.54
0.153
21.418
21.418
21.418
21.418
21.418
21.418
31.547
0.138
21.305
21.305
21.305
21.305
31.552
0.147
21.587
21.587
31.604
0.157
21.766
21.766
21.766
21.766
31.597
0.139
22.059
22.059
22.059
22.059
22.059
22.059
22.059
22.059
22.059
22.059
22.059
31.608
0.152
21.878
21.878
21.878
21.878
21.878
21.878
31.685
0.134
21.83
21.83
21.83
21.83
21.83
21.83
21.83
21.83
21.83
21.83
21.83
31.733
0.149
21.626
21.626
21.626
21.626
21.626
21.626
31.977
0.148
21.558
21.558
21.558
21.558
31.898
31.898
31.898
31.898
31.898
0.15
21.443
21.443
21.443
21.443
21.443
21.443
31.832
31.832
0.207
21.324
21.324
21.324
21.324
31.796
31.796
31.796
31.796
31.796
0.187
21.533
21.533
31.618
0.143
21.529
21.529
21.529
21.529
31.64
0.133
21.756
21.756
21.756
21.756
21.756
21.756
21.756
21.756
21.756
31.587
0.137
21.68
21.68
31.566
0.137
21.876
21.876
21.876
21.876
21.876
21.876
21.876
21.876
21.876
31.72
31.72
0.141
21.767
21.767
21.767
21.767
21.767
21.767
21.767
31.718
0.136
21.699
21.699
21.699
21.699
21.699
21.699
21.699
31.941
0.164
21.727
21.727
21.727
21.727
21.727
21.727
21.727
32.206
32.206
32.206
32.206
32.206
0.331
21.624
21.624
21.624
21.624
32
32
0.163
21.457
21.457
21.457
21.457
21.457
21.457
21.457
32.037
32.037
32.037
32.037
32.037
0.246
21.362
21.362
21.362
21.362
31.996
31.996
31.996
31.996
0.34
21.252
21.252
31.972
31.972
31.972
0.146
21.209
21.209
21.209
21.209
31.988
31.988
31.988
31.988
0.173
21.119
31.834
31.834
31.834
31.834
0.152
21.186
31.733
31.733
31.733
0.148
21.281
21.281
31.678
31.678
31.678
31.678
0.155
21.615
21.615
21.615
31.532
2.279
2.279
2.279
2.279
2.279
2.279
2.279
2.279
2.279
2.279
2.279
2.279
2.279
2.279
2.279
2.279
2.279
2.279
2.279
2.279
2.279
2.279
2.279
2.279
2.279
2.279
2.279
2.279
2.279
2.279
2.279
2.279
2.279
2.279
2.279
2.279
2.279
2.279
2.279
2.279
2.279
2.279
2.279
2.279
2.279
2.279
2.279
2.279
2.279
2.279
23.951
23.951
31.559
0.174
21.892
21.892
21.892
21.892
21.892
21.892
21.892
21.892
21.892
21.892
31.561
0.178
21.671
21.671
21.671
31.672
0.169
21.604
21.604
21.604
21.604
21.604
21.604
21.604
21.604
21.604
21.604
31.703
0.181
21.334
21.334
21.334
21.334
31.808
0.176
21.309
21.309
31.875
31.875
0.17
21.335
21.335
21.335
21.335
31.897
31.897
0.181
21.387
21.387
21.387
21.387
31.978
31.978
0.227
21.545
21.545
31.884
31.884
31.884
31.884
0.18
21.489
21.489
21.489
21.489
31.767
31.767
0.338
21.629
21.629
21.629
21.629
21.629
21.629
21.629
31.699
31.699
31.699
31.699
0.154
21.464
21.464
31.512
0.166
21.434
21.434
21.434
21.434
21.434
21.434
21.434
31.597
0.212
21.232
21.232
21.232
32.025
0.164
21.161
31.831
0.168
21.19
21.19
21.19
31.79
31.79
31.79
0.276
21.099
31.773
31.773
31.773
0.235
0.235
0.235
21.193
31.821
31.821
31.821
0.268
0.268
0.268
21.087
31.659
31.659
0.245
21.097
31.587
0.205
21.079
31.603
31.603
0.19
21.093
31.546
0.179
21.058
31.559
0.212
21.129
31.558
0.188
35.254
30.403
2.4
21.085
31.565
0.165
21.065
31.602
0.275
21.119
31.607
0.17
21.193
31.655
31.655
0.178
21.248
21.248
21.248
31.594
0.169
21.48
21.48
31.789
0.161
21.543
21.543
21.543
31.567
0.184
21.795
21.795
21.795
21.795
21.795
21.795
21.795
21.795
21.795
31.52
0.168
21.602
21.602
21.602
31.658
0.176
21.541
21.541
21.541
21.541
21.541
21.541
21.541
21.541
21.541
31.625
0.159
21.31
21.31
21.31
21.31
31.612
0.162
21.24
31.6
0.211
21.222
21.222
21.222
21.222
31.592
0.178
21.123
31.698
0.178
21.122
31.74
31.74
0.179
21.109
31.722
0.192
21.065
31.602
0.205
21.073
31.709
31.709
0.184
21.309
31.725
0.166
21.529
31.738
0.167
21.605
21.605
21.605
21.605
21.605
21.605
31.791
0.187
21.488
21.488
21.488
21.488
21.488
21.488
31.73
0.229
21.399
21.399
21.399
31.787
0.2
21.323
31.842
0.163
21.372
21.372
21.372
31.759
0.18
21.301
21.301
31.728
31.728
0.18
21.237
31.697
0.176
21.268
21.268
31.69
31.69
0.178
21.231
31.703
31.703
0.16
21.191
31.648
0.172
21.355
21.355
31.787
0.161
21.438
31.816
0.163
21.43
21.43
31.933
0.134
22.028
22.028
22.028
22.028
22.028
22.028
32.004
32.004
32.004
32.004
0.15
21.318
31.823
31.823
0.139
21.314
21.314
21.314
21.314
21.314
21.314
31.841
31.841
31.841
31.841
0.207
21.26
31.944
31.944
31.944
0.145
21.364
31.945
0.149
21.471
21.471
21.471
21.471
32.215
32.215
32.215
0.135
21.542
21.542
21.542
21.542
32.593
32.593
32.593
32.593
32.593
32.593
32.593
0.552
21.414
21.414
21.414
21.414
32.868
32.868
32.868
0.63
21.29
21.29
21.29
21.29
33.033
33.033
33.033
33.033
33.033
33.033
33.033
0.583
21.231
32.794
32.794
32.794
32.794
32.794
32.794
32.794
32.794
32.794
32.794
0.643
21.247
32.726
32.726
32.726
32.726
0.25
21.324
21.324
21.324
21.324
32.897
32.897
32.897
32.897
32.897
32.897
32.897
32.897
32.897
32.897
0.604
21.545
32.875
32.875
32.875
32.875
32.875
32.875
32.875
0.734
21.361
21.361
21.361
21.361
32.708
32.708
32.708
32.708
32.708
32.708
32.708
32.708
1.352
21.393
21.393
21.393
32.737
32.737
32.737
32.737
32.737
32.737
32.737
0.695
21.246
32.631
32.631
32.631
32.631
32.631
32.631
32.631
32.631
32.631
1.007
21.215
21.215
21.215
32.464
32.464
32.464
0.212
21.115
32.376
32.376
32.376
32.376
32.376
32.376
32.376
32.376
32.376
0.626
21.141
32.31
32.31
32.31
32.31
0.208
21.143
32.252
32.252
32.252
0.225
21.182
21.182
32.482
32.482
32.482
32.482
0.306
0.306
0.306
21.242
32.437
32.437
32.437
32.437
32.437
32.437
32.437
32.437
0.481
0.481
0.481
21.318
21.318
32.297
32.297
0.133
21.326
21.326
21.326
32.471
32.471
32.471
32.471
32.471
32.471
32.471
32.471
0.44
21.135
32.087
32.087
32.087
32.087
0.182
21.144
21.144
21.144
32.324
32.324
32.324
32.324
0.31
21.279
0.391
33.105
33.105
33.105
33.105
33.105
33.105
33.105
21.653
32.03
0.249
21.942
21.942
21.942
21.942
21.942
21.942
21.942
32.153
32.153
32.153
32.153
32.153
32.153
32.153
0.474
21.809
21.809
21.809
21.809
21.809
21.809
21.809
32.038
0.14
21.859
21.859
21.859
21.859
21.859
21.859
21.859
21.859
21.859
21.859
32.115
0.152
21.91
32.187
32.187
32.187
32.187
32.187
0.221
22.465
22.465
22.465
22.465
22.465
22.465
22.465
22.465
22.465
22.465
32.137
32.137
32.137
0.159
22.446
22.446
22.446
22.446
22.446
22.446
22.446
22.446
22.446
22.446
22.446
22.446
22.446
32.304
32.304
32.304
32.304
32.304
0.346
22.472
22.472
22.472
22.472
22.472
22.472
22.472
22.472
22.472
22.472
22.472
22.472
22.472
32.096
32.096
32.096
32.096
32.096
32.096
0.237
22.456
22.456
22.456
22.456
22.456
22.456
22.456
22.456
22.456
22.456
22.456
22.456
31.962
31.962
31.962
0.174
22.053
22.053
22.053
22.053
22.053
22.053
22.053
22.053
22.053
22.053
22.053
22.053
32.014
32.014
32.014
32.014
32.014
32.014
0.302
22.09
22.09
22.09
22.09
22.09
22.09
22.09
22.09
22.09
22.09
22.09
22.09
22.09
31.775
31.775
31.775
31.775
0.176
22.209
22.209
22.209
31.685
31.685
0.177
22.157
22.157
22.157
22.157
22.157
22.157
22.157
22.157
22.157
22.157
22.157
22.157
22.157
31.638
31.638
31.638
31.638
0.228
22.288
22.288
22.288
22.288
22.288
22.288
22.288
22.288
22.288
22.288
22.288
22.288
22.288
22.288
22.288
22.288
31.532
0.156
22.241
31.564
0.176
22.307
22.307
22.307
22.307
22.307
22.307
22.307
22.307
22.307
22.307
22.307
22.307
22.307
22.307
22.307
22.307
31.62
31.62
0.172
22.208
22.208
22.208
22.208
22.208
22.208
22.208
22.208
22.208
22.208
22.208
22.208
22.208
22.208
31.694
0.132
22.023
22.023
22.023
22.023
31.811
31.811
0.157
22.078
22.078
22.078
22.078
22.078
22.078
22.078
22.078
22.078
22.078
22.078
22.078
22.078
22.078
31.874
31.874
31.874
0.149
21.897
21.897
21.897
21.897
21.897
21.897
21.897
21.897
31.955
31.955
31.955
0.229
21.621
21.621
32.049
32.049
32.049
32.049
0.211
21.513
21.513
21.513
21.513
21.513
21.513
21.513
21.513
31.911
31.911
0.159
21.258
21.258
32.028
32.028
32.028
32.028
0.152
21.225
31.872
31.872
31.872
31.872
31.872
0.184
21.171
21.171
31.736
0.148
21.281
31.725
31.725
31.725
31.725
31.725
0.157
21.314
31.634
0.198
21.586
21.586
21.586
21.586
21.586
21.586
31.718
0.199
21.752
31.892
0.167
21.767
21.767
21.767
21.767
21.767
21.767
31.974
0.151
21.935
21.935
21.935
21.935
21.935
21.935
32.217
0.167
21.597
32.351
32.351
32.351
32.351
32.351
32.351
0.273
21.559
21.559
21.559
21.559
21.559
21.559
32.159
32.159
32.159
0.158
21.403
21.403
21.403
21.403
32.159
32.159
32.159
32.159
32.159
32.159
0.216
21.349
21.349
32.017
32.017
32.017
0.17
21.337
21.337
21.337
21.337
32.171
32.171
32.171
32.171
0.17
21.452
21.452
32.272
32.272
32.272
0.521
21.488
21.488
32.217
32.217
32.217
32.217
32.217
32.217
0.24
21.765
21.765
21.765
21.765
21.765
21.765
21.765
21.765
32.044
32.044
32.044
32.044
32.044
32.044
32.044
0.395
21.873
21.873
21.873
31.862
31.862
31.862
31.862
31.862
31.862
0.196
32.073
32.073
25.014
25.014
25.014
25.014
25.014
25.014
25.014
25.014
0.489
32.163
25.202
25.202
25.202
25.202
25.202
25.202
25.202
25.202
25.202
25.202
25.202
0.663
32.5
32.5
22.193
0.143
32.551
32.551
32.551
32.551
32.551
32.551
32.551
32.551
32.551
22.089
22.089
22.089
22.089
22.089
22.089
22.089
22.089
22.089
22.089
22.089
0.842
32.321
32.321
32.321
22.336
22.336
22.336
22.336
22.336
22.336
22.336
22.336
22.336
22.336
22.336
22.336
22.336
22.336
22.336
22.336
1.111
32.531
32.531
32.531
32.531
32.531
32.531
32.531
32.531
32.531
21.942
0.15
32.542
32.542
32.542
32.542
32.542
32.542
32.542
21.926
21.926
21.926
21.926
21.926
21.926
21.926
21.926
21.926
21.926
21.926
21.926
21.926
21.926
21.926
21.926
1.145
33.001
33.001
33.001
21.5
21.5
21.5
21.5
21.5
21.5
0.291
0.291
32.675
32.675
32.675
32.675
32.675
32.675
32.675
21.396
21.396
0.187
0.187
32.497
32.497
32.497
32.497
32.497
32.497
32.497
32.497
32.497
32.497
32.497
21.767
21.767
21.767
21.767
21.767
21.767
0.738
32.214
32.214
32.214
21.421
21.421
21.421
0.213
32.209
32.209
32.209
32.209
32.209
32.209
32.209
32.209
32.209
32.209
32.209
21.701
21.701
21.701
0.478
31.767
31.767
31.767
21.587
21.587
21.587
21.587
21.587
21.587
0.42
31.772
31.772
31.772
21.526
21.526
21.526
21.526
0.166
31.76
31.76
31.76
21.546
21.546
21.546
21.546
21.546
21.546
0.4
31.684
21.322
21.322
21.322
21.322
0.154
31.748
21.204
21.204
21.204
21.204
0.22
31.787
31.787
31.787
21.052
0.201
31.754
21.089
0.178
31.791
31.791
31.791
21.09
0.174
31.936
31.936
31.936
21.17
0.17
31.886
21.204
0.184
32.086
32.086
32.086
21.334
21.334
21.334
21.334
0.164
31.971
31.971
31.971
31.971
31.971
21.277
0.169
31.915
31.915
21.26
21.26
21.26
21.26
0.158
31.935
31.935
31.935
31.935
31.935
21.199
21.199
21.199
0.152
31.933
31.933
31.933
21.152
0.173
31.942
31.942
31.942
21.161
21.161
21.161
0.168
31.888
31.888
31.888
31.888
21.195
0.17
31.784
31.784
31.784
31.784
21.286
0.145
31.784
31.784
31.784
21.195
0.135
31.959
21.654
0.155
32.085
32.085
32.085
21.59
0.204
31.951
31.951
31.951
31.951
31.951
21.631
21.631
21.631
21.631
21.631
21.631
21.631
0.41
32.005
32.005
32.005
32.005
32.005
21.442
21.442
0.176
31.896
21.406
21.406
21.406
21.406
21.406
21.406
21.406
0.374
32.092
21.262
21.262
21.262
0.419
32.185
32.185
32.185
32.185
32.185
32.185
21.298
0.211
31.998
31.998
21.274
21.274
21.274
0.137
32.134
32.134
32.134
32.134
32.134
32.134
21.369
21.369
21.369
21.369
0.137
32.013
32.013
32.013
32.013
32.013
21.346
0.237
32.002
32.002
21.321
21.321
21.321
21.321
0.282
32.019
32.019
32.019
32.019
32.019
21.46
21.46
0.171
31.861
31.861
31.861
31.861
21.467
21.467
0.148
32.017
32.017
32.017
32.017
21.483
21.483
0.154
32.029
21.631
21.631
21.631
21.631
21.631
21.631
21.631
0.271
32.23
21.491
21.491
0.206
32.151
32.151
32.151
32.151
32.151
32.151
21.548
21.548
21.548
21.548
21.548
21.548
21.548
0.451
31.96
31.96
31.96
31.96
31.96
21.215
21.215
21.215
0.16
31.95
31.95
31.95
31.95
31.95
31.95
21.287
21.287
21.287
0.2
31.902
21.168
0.187
31.95
21.213
0.173
32.018
21.256
0.17
32.538
32.538
32.538
0.155
22.27
32.32
32.32
0.137
22.142
32.607
32.607
32.607
0.135
21.429
0.295
35.131
35.131
35.131
35.131
35.131
35.131
35.131
35.131
35.131
24.02
0.188
34.535
23.139
0.189
34.732
34.732
34.732
34.732
34.732
34.732
34.732
34.732
34.732
21.828
0.269
32.654
32.654
32.654
32.654
32.654
32.654
22.126
0.188
32.513
21.792
0.17
33.245
33.245
33.245
33.245
33.245
33.245
22.057
22.057
0.191
33.504
33.504
33.504
33.504
33.504
33.504
33.504
33.504
33.504
33.504
33.504
33.504
33.504
33.504
33.504
33.504
33.504
33.504
23.213
23.213
0.194
33.052
33.052
33.052
21.822
21.822
0.321
33.48
33.48
33.48
33.48
33.48
33.48
33.48
33.48
33.48
33.48
33.48
33.48
33.48
33.48
33.48
33.48
33.48
33.48
22.747
22.747
0.211
33.362
33.362
33.362
33.362
33.362
33.362
33.362
33.362
33.362
33.362
33.362
33.362
33.362
22.654
22.654
0.182
32.985
32.985
32.985
32.985
32.985
21.971
21.971
0.265
33.406
33.406
33.406
33.406
33.406
33.406
33.406
33.406
33.406
33.406
33.406
33.406
33.406
22.195
0.162
33.451
33.451
33.451
33.451
33.451
33.451
33.451
33.451
33.451
33.451
33.451
33.451
22.864
0.152
33.153
33.153
33.153
33.153
21.952
21.952
21.952
0.165
33.638
33.638
33.638
33.638
33.638
33.638
33.638
33.638
33.638
33.638
33.638
33.638
22.674
22.674
22.674
0.186
33.452
33.452
33.452
33.452
33.452
33.452
33.452
33.452
33.452
33.452
33.452
33.452
33.452
33.452
33.452
33.452
33.452
33.452
23.054
23.054
23.054
0.142
33.022
33.022
33.022
33.022
33.022
33.022
33.022
27.902
0.131
33.153
33.153
33.153
33.153
33.153
33.153
33.153
33.153
33.153
33.153
33.153
33.153
33.153
33.153
33.153
33.153
33.153
33.153
27.56
27.56
27.56
0.141
32.997
32.997
32.997
32.997
32.997
32.997
32.997
32.997
32.997
32.997
21.607
21.607
21.607
21.607
21.607
21.607
21.607
0.303
32.616
32.616
32.616
32.616
32.616
22.01
22.01
0.175
33.165
33.165
33.165
33.165
33.165
33.165
33.165
33.165
33.165
33.165
22.039
22.039
22.039
22.039
22.039
22.039
22.039
0.347
33.283
33.283
33.283
33.283
33.283
33.283
33.283
33.283
33.283
33.283
33.283
33.283
33.283
33.283
33.283
33.283
22.511
22.511
22.511
22.511
22.511
22.511
22.511
22.511
22.511
22.511
22.511
22.511
22.511
22.511
22.511
22.511
22.511
1.146
32.816
32.816
22.214
22.214
22.214
0.193
33.436
33.436
33.436
33.436
33.436
33.436
33.436
33.436
33.436
33.436
33.436
33.436
33.436
33.436
33.436
33.436
22.308
22.308
22.308
22.308
22.308
22.308
22.308
22.308
22.308
22.308
22.308
22.308
22.308
22.308
22.308
22.308
22.308
1.231
33.237
33.237
33.237
33.237
33.237
33.237
33.237
33.237
33.237
33.237
33.237
33.237
33.237
33.237
33.237
21.882
21.882
21.882
21.882
21.882
21.882
21.882
0.353
32.844
32.844
32.844
21.671
21.671
21.671
0.176
33.178
33.178
33.178
33.178
33.178
33.178
33.178
33.178
33.178
33.178
33.178
33.178
33.178
33.178
33.178
21.581
21.581
21.581
21.581
21.581
21.581
21.581
0.267
32.738
32.738
32.738
32.738
32.738
32.738
32.738
32.738
32.738
32.738
32.738
21.44
21.44
21.44
21.44
0.165
32.474
32.474
32.474
21.505
21.505
21.505
0.237
32.61
32.61
32.61
32.61
32.61
32.61
32.61
32.61
32.61
32.61
32.61
21.476
21.476
21.476
21.476
0.188
32.619
32.619
32.619
32.619
32.619
32.619
32.619
21.815
21.815
21.815
21.815
21.815
21.815
21.815
0.452
32.069
32.069
32.069
32.069
21.713
0.176
40.438
40.438
40.438
40.438
40.438
40.438
40.438
2.834
25.142
25.142
25.142
25.142
25.142
25.142
25.142
31.97
31.97
31.97
21.503
21.503
21.503
0.164
31.933
31.933
21.314
21.314
21.314
0.226
31.974
31.974
31.974
21.14
0.299
31.989
31.989
31.989
21.121
0.194
31.999
31.999
31.999
21.181
0.153
32.076
32.076
32.076
21.291
0.14
32.257
32.257
32.257
32.257
32.257
21.366
32.062
32.062
32.062
16.317
16.317
16.317
16.317
16.317
22.398
22.398
22.398
22.398
22.398
6.649
6.649
6.649
12.47
12.47
12.47
12.47
12.47
