0.226
0.237
0.197
0.237
0.355
0.194
0.344
0.344
0.277
0.277
0.277
0.157
0.24
0.24
0.383
0.383
0.383
0.197
0.264
0.264
0.325
0.306
0.257
0.257
0.211
0.148
0.298
0.298
0.209
0.17
0.24
0.24
0.22
0.142
0.337
0.337
0.337
0.337
0.337
0.233
0.233
0.15
0.411
0.411
0.411
0.411
0.411
0.275
0.275
0.172
0.243
0.893
1.718
1.718
0.225
0.319
0.319
0.319
0.319
0.182
0.295
0.295
0.295
0.273
0.273
0.324
0.238
0.333
0.333
0.333
0.333
0.163
0.293
0.293
0.293
0.419
0.189
0.275
0.275
0.238
0.263
0.263
0.263
0.223
0.269
0.269
5.243
5.243
5.243
0.312
0.312
0.239
0.16
0.289
0.289
0.289
0.317
0.317
0.202
0.236
0.212
0.174
0.311
0.311
0.311
0.241
0.189
0.362
0.362
0.362
0.362
0.665
0.665
0.271
0.321
0.321
0.209
0.177
0.342
0.342
0.342
0.342
0.285
0.285
0.18
0.359
0.359
0.359
0.359
0.582
0.582
0.582
0.582
0.582
0.582
0.582
0.582
0.582
0.582
0.582
0.745
0.313
0.279
0.279
0.299
0.475
0.475
0.475
0.475
0.718
0.718
0.718
0.718
0.718
0.718
0.718
0.718
0.718
0.718
0.718
0.735
0.465
0.465
0.465
0.465
0.465
0.465
0.387
0.387
0.387
0.387
0.387
0.387
0.16
0.407
0.407
0.407
0.407
0.407
0.497
0.497
0.497
0.497
0.497
0.497
0.384
0.535
0.535
0.535
0.535
0.535
0.535
0.433
0.433
0.433
0.433
0.444
0.239
0.22
0.219
0.285
0.285
0.371
0.371
0.371
0.371
0.375
0.285
0.375
0.375
0.375
0.375
0.375
0.312
0.326
0.375
0.375
0.375
0.375
0.375
0.265
0.243
0.248
0.248
0.251
0.32
0.32
0.242
0.242
0.188
0.256
0.19
0.197
0.277
0.277
0.263
0.203
0.215
0.281
0.281
0.281
0.257
0.216
0.311
0.311
0.311
0.264
0.499
0.499
0.499
0.499
0.499
0.499
0.208
0.178
0.374
0.374
0.374
0.193
0.143
0.395
0.395
0.395
0.395
0.395
0.395
0.207
0.207
0.22
0.207
0.194
0.183
0.198
0.234
0.234
0.221
0.222
0.254
0.254
0.254
0.158
0.183
0.177
0.18
0.255
0.266
0.266
0.266
0.359
0.308
0.308
0.308
0.246
0.246
0.246
0.159
0.292
0.292
0.292
0.178
0.158
0.276
0.276
0.301
0.301
0.301
0.22
0.242
0.242
0.162
0.157
0.2
0.172
0.18
0.196
0.317
0.317
0.317
0.317
0.185
0.243
0.243
0.181
0.169
0.26
0.26
0.329
0.329
0.329
0.329
0.181
0.246
0.273
0.273
0.273
0.183
0.265
0.212
0.18
0.44
0.44
0.44
0.44
0.44
0.268
0.268
0.268
0.16
0.353
0.353
0.353
0.329
0.329
0.329
0.132
0.496
0.496
0.496
0.496
0.496
0.254
0.221
0.243
0.243
0.262
0.262
0.262
0.138
0.33
0.33
0.237
0.237
0.186
0.231
0.191
0.15
0.218
0.22
0.22
0.139
0.259
0.185
0.148
0.28
0.169
0.178
0.259
0.185
0.156
0.21
0.174
0.16
0.398
0.398
0.398
0.398
0.398
0.398
0.141
0.172
0.308
0.308
0.16
0.2
0.488
0.488
0.488
0.488
0.488
0.488
0.383
0.144
0.339
0.339
0.339
0.258
0.258
0.258
0.197
0.301
0.301
0.301
0.357
0.239
0.294
0.294
0.294
0.318
0.318
0.318
0.321
0.3
0.3
0.3
0.447
0.447
0.447
0.246
0.302
0.296
0.296
0.296
0.214
0.222
0.425
0.425
0.425
1.321
0.246
0.323
0.33
0.33
0.33
0.213
0.139
0.14
0.178
0.25
0.25
0.25
0.273
0.167
0.149
0.169
0.418
0.418
0.418
0.418
0.277
0.277
0.277
0.177
0.358
0.358
0.358
0.254
0.254
0.254
0.167
0.47
0.47
0.47
0.47
0.466
0.229
0.345
0.31
0.31
0.31
0.155
0.307
0.251
0.251
0.251
0.185
0.35
0.35
0.35
0.176
0.18
0.342
0.342
0.342
0.266
0.266
0.266
0.179
0.395
0.395
0.395
0.395
0.558
0.558
0.558
0.383
0.332
0.332
0.264
0.264
0.264
0.159
0.449
0.449
0.449
0.449
0.476
0.226
0.403
0.403
0.331
0.216
0.284
0.216
0.216
0.176
0.311
0.311
0.191
0.174
0.287
0.255
0.255
0.365
0.274
0.274
0.341
0.341
0.341
0.341
0.341
0.178
0.297
0.177
0.362
0.362
0.362
0.362
0.362
0.343
0.202
0.415
0.415
0.415
0.415
0.237
0.195
0.317
0.317
0.317
0.317
0.242
0.196
0.18
0.24
0.212
0.175
0.245
0.229
0.229
0.178
0.243
0.27
0.27
0.27
0.163
0.26
0.243
0.243
0.275
0.275
0.275
0.275
0.23
0.229
0.229
0.312
0.312
0.312
0.312
0.294
0.217
0.217
0.26
0.26
0.26
0.257
0.176
0.275
0.275
0.275
0.329
0.205
0.182
0.246
0.337
0.337
0.337
0.337
0.337
0.172
0.247
0.301
0.301
0.301
0.19
0.258
0.399
0.399
0.399
0.399
0.399
0.35
0.241
0.373
0.373
0.373
0.373
0.373
0.241
0.241
0.25
0.212
0.245
0.245
0.257
0.41
0.41
0.41
0.41
0.41
0.522
0.218
0.203
0.186
0.304
0.179
0.198
0.226
0.305
0.305
0.305
0.305
0.166
0.52
0.35
0.35
0.35
0.376
0.376
0.376
0.376
0.376
0.376
0.244
0.327
0.327
0.327
0.327
0.192
0.249
0.242
0.242
0.463
0.463
0.463
0.463
0.463
0.463
0.341
0.205
0.351
0.351
0.351
0.351
0.351
0.248
0.258
0.258
0.198
0.262
0.195
0.365
0.365
0.365
0.365
0.365
0.233
0.216
0.503
0.503
0.503
0.503
0.503
0.503
0.503
0.503
0.503
0.238
0.215
0.215
0.171
0.208
0.345
0.345
0.345
0.345
0.345
0.345
0.531
0.531
0.531
0.531
0.531
0.531
0.531
0.531
0.531
0.262
0.289
0.289
0.289
0.289
0.335
0.335
0.335
0.335
0.335
0.208
0.384
0.384
0.384
0.384
0.384
0.384
0.183
0.189
0.284
0.284
0.284
0.284
0.379
0.379
0.379
0.379
0.379
0.244
0.26
0.26
0.26
0.36
0.36
0.36
0.36
0.36
0.36
0.237
0.237
0.314
0.314
0.314
0.314
0.218
0.218
0.363
0.363
0.195
0.393
0.393
0.393
0.393
0.393
0.393
0.223
0.193
0.217
0.217
0.2
0.293
0.293
0.293
0.222
0.222
0.283
0.31
0.31
0.31
0.224
0.224
0.209
0.215
0.215
0.184
0.194
0.229
0.229
0.223
0.223
0.192
0.172
0.184
0.183
0.19
0.208
0.208
0.202
0.18
0.233
0.233
0.306
0.287
0.287
0.287
0.252
0.252
0.252
0.252
0.186
0.266
0.266
0.266
0.248
0.184
0.213
0.213
0.235
0.25
0.25
0.413
0.413
0.413
0.267
0.227
0.322
0.322
0.248
0.219
0.242
0.242
0.215
0.193
0.245
0.245
0.227
0.18
0.18
0.223
0.199
0.189
0.232
0.22
0.22
0.186
0.231
0.177
0.186
0.224
0.23
0.23
0.293
0.293
0.293
0.227
0.199
0.328
0.328
0.328
0.209
0.194
0.364
0.364
0.364
0.364
0.364
0.364
0.345
0.241
0.241
0.444
0.444
0.444
0.444
0.444
0.444
0.332
0.217
0.48
0.48
0.48
0.291
0.269
0.269
0.254
0.254
0.285
0.357
0.357
0.357
0.357
0.357
0.275
0.275
0.275
0.286
0.337
0.337
0.337
0.337
0.339
0.339
0.339
0.275
0.646
0.646
0.646
0.646
0.646
0.239
0.247
0.357
0.357
0.357
0.357
0.357
0.314
0.314
0.314
0.739
0.197
0.216
0.216
0.379
0.379
0.379
0.379
0.379
0.969
0.304
0.264
0.264
0.35
0.35
0.35
0.35
0.35
0.258
0.24
0.24
0.202
0.226
0.248
0.248
0.394
0.394
0.394
0.394
0.394
0.24
0.258
0.258
0.351
0.351
0.351
0.351
0.351
0.269
0.266
0.266
0.266
0.198
0.242
0.307
0.307
0.307
0.645
0.645
0.645
0.645
0.645
0.216
0.305
0.305
0.305
0.41
0.41
0.41
0.41
0.41
1.481
1.481
1.481
4.6
0.185
0.208
0.298
0.298
0.298
0.574
0.574
0.574
0.574
0.574
0.26
0.297
0.297
0.297
0.214
0.207
0.324
0.324
0.324
0.324
0.234
0.224
0.361
0.361
0.361
0.361
0.571
0.571
0.213
0.228
0.305
0.305
0.253
0.288
0.288
0.288
0.308
0.308
0.264
0.256
0.256
0.548
0.548
0.548
0.548
0.548
0.548
0.548
0.548
0.548
0.254
0.309
0.309
0.309
0.636
0.636
0.636
0.636
0.636
0.636
0.636
0.636
0.636
0.221
0.255
0.255
0.458
0.458
0.458
0.458
0.458
0.209
0.445
0.445
0.445
0.445
0.445
0.445
0.392
0.392
0.392
0.392
0.392
0.303
0.277
0.277
0.21
0.233
0.25
0.249
0.264
0.247
0.236
0.282
0.232
0.23
0.244
0.255
0.255
0.212
0.244
0.261
0.261
0.216
0.243
0.273
0.273
0.463
0.463
0.463
0.463
0.463
0.463
0.463
0.241
0.216
0.482
0.482
0.482
0.482
0.482
0.482
0.482
0.292
0.28
0.28
0.28
0.439
0.439
0.439
0.439
0.439
0.439
0.439
0.199
0.166
0.221
0.221
0.193
0.325
0.325
0.325
0.517
0.517
0.517
0.517
0.517
0.517
0.517
0.341
0.438
0.438
0.438
0.438
0.438
0.438
0.365
0.365
0.365
0.365
0.365
0.18
0.284
0.284
0.284
0.232
0.232
0.164
0.322
0.322
0.322
0.322
0.322
0.353
0.353
0.353
0.353
0.353
0.221
0.273
0.273
0.273
0.249
0.249
0.249
0.229
0.327
0.327
0.327
0.327
0.327
0.266
0.266
0.266
0.165
0.296
0.296
0.296
0.296
0.296
0.157
0.157
0.334
0.334
0.334
0.334
0.334
0.177
0.164
0.154
0.31
0.31
0.31
0.31
0.31
0.154
0.136
1.033
1.033
1.033
0.179
0.349
0.349
0.349
0.349
0.349
0.349
0.346
0.346
0.346
0.346
0.346
0.187
0.157
0.197
0.197
0.182
0.365
0.365
0.365
0.365
0.365
0.365
0.291
0.291
0.18
0.193
0.193
0.386
0.386
0.386
0.386
0.386
0.196
0.182
0.203
0.249
0.235
0.235
0.44
0.44
0.44
0.44
0.44
0.193
0.181
0.24
0.24
0.197
0.207
0.207
0.178
0.214
0.196
0.196
0.225
0.225
0.186
0.168
0.247
0.247
0.247
0.189
0.184
0.239
0.562
0.208
0.322
0.322
0.322
0.215
0.189
0.34
0.34
0.34
0.34
0.34
0.216
0.236
0.236
0.323
0.323
0.323
0.323
0.221
0.226
0.226
0.362
0.362
0.362
0.362
0.362
0.184
0.213
0.259
0.259
0.259
0.206
0.179
0.298
0.298
0.298
0.191
0.183
0.222
2.433
2.433
2.433
2.433
2.433
2.433
2.433
2.433
2.433
2.433
2.433
2.433
2.433
2.433
2.433
2.433
2.433
2.433
2.433
2.433
2.433
2.433
2.433
2.433
2.433
2.433
2.433
2.433
2.433
2.433
2.433
2.433
2.433
2.433
2.433
2.433
2.433
2.433
2.433
2.433
2.433
2.433
2.433
2.433
2.433
2.433
2.433
2.433
2.433
2.433
3.363
3.363
3.363
3.363
3.363
3.363
3.363
3.363
3.363
3.363
3.363
0.171
0.181
0.437
0.437
0.437
0.437
0.437
0.437
0.437
0.329
0.196
0.755
0.755
0.755
0.755
0.755
0.755
0.755
0.755
0.755
0.755
0.755
0.186
0.216
0.638
0.638
0.638
0.638
0.638
0.638
0.638
0.638
0.638
0.638
0.638
0.638
0.452
0.452
0.452
0.452
0.452
0.452
0.211
0.276
0.276
0.276
0.254
0.254
0.18
0.72
0.72
0.72
0.72
0.72
0.72
0.72
0.72
0.72
0.72
0.72
0.72
0.397
0.397
0.397
0.397
0.397
0.397
0.244
0.54
0.54
0.54
0.54
0.54
0.54
0.54
0.54
0.54
0.508
0.508
0.508
0.508
0.508
0.508
0.508
0.508
0.508
0.19
0.268
0.268
0.268
0.311
0.311
0.311
0.311
0.198
0.741
0.741
0.741
0.741
0.741
0.741
0.741
0.741
0.741
0.449
0.566
0.566
0.566
0.566
0.566
0.566
0.566
0.566
0.566
0.268
0.268
0.175
0.325
0.325
0.325
0.325
0.325
0.245
0.245
0.262
0.216
0.376
0.376
0.376
0.376
0.199
0.44
0.44
0.44
0.44
0.44
0.241
0.177
0.321
0.321
0.321
0.357
0.357
0.357
0.357
0.216
0.213
0.279
0.279
0.176
0.287
0.287
0.287
0.271
0.271
0.168
0.241
0.241
0.234
0.266
0.266
0.266
0.25
0.25
0.578
0.578
0.578
0.21
0.26
0.26
0.247
0.284
0.284
0.284
0.214
0.214
0.253
0.316
0.316
0.24
0.24
0.229
0.287
0.287
0.287
0.188
0.215
0.191
0.215
0.262
0.197
0.195
0.211
0.197
0.182
0.202
0.19
0.261
0.261
0.261
0.19
0.183
0.182
0.215
0.154
0.25
0.25
0.25
0.206
0.175
0.159
0.165
0.296
0.296
0.296
0.296
0.296
0.278
0.223
0.205
0.465
0.465
0.241
0.39
0.39
0.39
0.39
0.39
0.193
0.26
0.177
0.247
0.247
0.208
0.187
0.185
0.263
0.373
0.373
0.373
0.373
0.373
0.198
0.22
0.2
0.411
0.411
0.411
0.411
0.411
0.411
0.221
0.379
0.379
0.379
0.379
0.379
0.227
0.227
0.184
0.321
0.321
0.321
0.321
0.459
0.459
0.459
0.459
0.459
0.459
0.311
0.194
0.174
0.161
0.323
0.323
0.323
0.323
0.184
0.207
0.26
0.26
0.26
0.379
0.379
0.209
0.275
0.275
0.275
0.16
0.196
0.181
0.206
0.206
0.196
0.192
0.157
0.199
0.173
0.457
0.226
0.199
0.161
0.25
0.204
0.2
0.2
0.242
0.401
0.401
0.401
0.243
0.243
0.226
0.252
0.252
0.234
0.234
0.235
0.285
0.285
0.285
0.474
0.474
0.474
0.474
0.474
0.474
0.474
0.474
0.194
0.322
0.322
0.322
0.322
0.288
0.288
0.288
0.252
0.215
0.499
0.499
0.499
0.499
0.499
0.499
0.499
0.499
0.215
0.403
0.403
0.403
0.403
0.343
0.343
0.343
0.343
0.236
0.314
0.314
0.314
0.314
0.247
0.247
0.227
0.362
0.362
0.362
0.362
0.342
0.342
0.342
0.342
0.219
0.228
0.272
0.272
0.272
0.221
0.469
0.469
0.469
0.469
0.469
0.469
0.263
0.263
0.263
0.186
0.222
0.259
0.259
0.259
0.214
0.476
0.476
0.476
0.476
0.476
0.476
0.476
0.476
0.486
0.486
0.486
0.486
0.486
0.486
0.486
0.486
0.486
0.239
0.393
0.393
0.393
0.393
1.692
1.692
1.692
1.692
0.243
0.689
0.689
0.689
0.689
0.689
0.689
0.689
0.689
0.684
0.684
0.684
0.684
0.684
0.684
0.684
0.684
0.684
0.282
0.259
0.259
1.051
1.051
1.051
1.051
1.051
1.051
1.051
1.051
1.051
1.051
1.051
1.051
1.051
1.051
1.051
1.051
1.051
1.051
1.051
1.051
1.051
0.256
0.247
0.247
0.362
0.362
0.362
0.362
0.258
0.219
1.144
1.144
1.144
1.144
1.144
1.144
1.144
1.144
1.144
1.144
1.144
1.144
1.144
1.144
1.144
1.144
1.144
1.144
1.144
1.144
1.144
0.252
0.217
0.725
0.725
0.725
0.725
0.725
0.725
0.725
0.725
0.725
0.725
0.725
0.725
0.725
0.207
0.354
0.354
0.354
0.354
0.271
0.271
0.317
0.336
0.336
0.792
0.792
0.792
0.792
0.792
0.792
0.792
0.792
0.792
0.792
0.792
0.792
0.792
0.236
0.347
0.347
0.347
0.347
0.461
0.461
0.461
0.461
0.461
0.461
0.227
0.293
0.293
0.293
0.467
0.467
0.467
0.467
0.467
0.467
0.206
0.302
0.302
0.302
0.655
0.655
0.655
0.655
0.655
0.655
0.655
0.655
0.655
0.655
0.202
0.395
0.395
0.395
0.395
0.395
0.395
0.248
0.257
0.334
0.334
0.334
0.633
0.633
0.633
0.633
0.633
0.633
0.633
0.633
0.633
0.633
0.187
0.452
0.452
0.452
0.452
0.452
0.452
0.236
0.236
0.214
0.339
0.339
0.339
0.339
0.267
0.267
0.21
0.254
0.254
0.22
0.217
0.338
0.338
0.338
0.338
0.47
0.239
0.496
0.496
0.496
0.496
0.496
0.496
0.496
0.496
0.496
0.395
0.395
0.395
0.395
0.395
0.208
0.24
0.24
0.294
0.294
0.213
0.542
0.542
0.542
0.542
0.542
0.542
0.542
0.542
0.542
0.355
0.355
0.355
0.355
0.355
0.269
0.269
0.269
0.249
0.249
0.398
0.398
0.398
0.398
0.398
0.298
0.298
0.298
0.274
0.274
0.215
0.199
0.316
0.316
0.375
0.375
0.375
0.375
0.375
0.202
0.322
0.322
0.322
0.322
0.35
0.35
0.35
0.35
0.35
0.201
0.216
0.319
0.319
4.44
0.368
0.368
0.368
0.368
0.557
0.557
0.557
0.557
0.557
0.563
1.226
1.226
1.226
1.226
1.226
1.226
1.226
1.226
1.226
1.226
1.226
1.226
1.226
1.226
1.226
1.226
1.226
1.226
1.226
1.226
1.226
1.226
1.226
1.226
0.458
0.458
0.458
0.458
0.458
0.458
0.458
0.458
2.151
0.271
0.271
0.268
0.268
0.268
0.171
1.248
1.248
1.248
1.248
1.248
1.248
1.248
1.248
1.248
1.248
1.248
1.248
1.248
1.248
1.248
1.248
1.248
1.248
1.248
1.248
1.248
1.248
1.248
1.248
0.523
0.523
0.523
0.523
0.523
0.523
0.523
0.523
0.204
0.675
0.675
0.675
0.675
0.675
0.675
0.675
0.675
0.675
0.675
0.675
0.675
0.675
0.671
0.671
0.671
0.671
0.671
0.671
0.671
0.671
0.671
0.671
0.671
0.671
0.671
0.197
0.379
0.379
0.379
0.379
0.379
0.366
0.366
0.366
0.366
0.233
0.912
0.912
0.912
0.912
0.912
0.912
0.912
0.912
0.912
0.912
0.912
0.912
0.912
0.96
0.96
0.96
0.96
0.96
0.96
0.96
0.96
0.96
0.96
0.96
0.96
0.96
0.235
0.647
0.647
0.647
0.647
0.647
0.647
0.647
0.647
0.647
0.647
0.647
0.647
0.537
0.537
0.537
0.537
0.537
0.537
0.537
0.537
0.537
0.195
0.433
0.433
0.433
0.433
0.586
0.586
0.586
0.586
0.586
0.586
0.586
0.586
0.586
0.195
0.755
0.755
0.755
0.755
0.755
0.755
0.755
0.755
0.755
0.755
0.755
0.755
0.544
0.544
0.544
0.544
0.544
0.544
0.544
0.544
0.544
0.544
0.197
0.54
0.54
0.54
0.54
0.54
0.54
0.54
0.54
0.54
0.278
0.278
0.183
0.319
0.319
0.319
0.608
0.608
0.608
0.608
0.608
0.608
0.608
0.608
0.608
0.608
0.505
0.578
0.578
0.578
0.578
0.578
0.578
0.578
0.578
0.578
0.508
0.508
0.508
0.508
0.508
0.508
0.508
0.508
0.508
0.441
0.547
0.547
0.547
0.547
0.547
0.547
0.547
0.547
0.547
0.252
0.209
0.35
0.35
0.35
0.567
0.567
0.567
0.567
0.567
0.567
0.567
0.567
0.567
0.63
0.632
0.632
0.632
0.632
0.632
0.632
0.632
0.632
0.632
0.456
0.456
0.456
0.456
0.456
0.456
0.456
0.456
0.79
0.559
0.559
0.559
0.559
0.559
0.559
0.559
0.559
0.559
0.559
0.275
0.275
0.275
0.148
0.332
0.332
0.332
0.544
0.544
0.544
0.544
0.544
0.544
0.544
0.544
0.573
0.64
0.64
0.64
0.64
0.64
0.64
0.64
0.64
0.64
0.64
0.348
0.348
0.348
0.348
0.348
0.241
0.383
0.383
0.383
0.383
0.193
0.162
0.245
0.386
0.386
0.386
0.386
0.386
0.352
1.185
1.185
1.185
1.185
0.37
0.37
0.37
0.37
0.253
0.216
0.195
0.141
0.209
0.325
0.325
0.325
0.325
0.214
0.302
0.385
0.385
0.385
0.385
0.385
0.385
0.258
0.211
0.259
0.259
0.259
0.731
0.264
0.444
0.444
0.444
0.444
0.444
0.444
0.405
0.262
0.191
0.146
0.354
0.354
0.354
0.222
0.195
0.265
0.265
0.275
0.275
0.275
0.184
0.228
0.289
0.289
0.289
0.15
0.284
0.284
0.283
0.283
0.283
0.163
0.295
0.295
0.295
0.21
0.182
0.226
0.197
0.177
0.296
0.296
0.296
0.2
0.221
0.451
0.451
0.451
0.451
0.451
0.451
0.451
0.195
0.19
0.275
0.275
0.502
0.502
0.502
0.502
0.502
0.502
0.502
0.502
0.502
0.467
0.483
0.483
0.483
0.483
0.483
0.483
0.483
0.267
0.267
0.161
0.37
0.37
0.37
0.37
0.37
0.579
0.579
0.579
0.579
0.579
0.579
0.579
0.579
0.579
0.508
0.235
0.298
0.298
0.298
0.189
0.409
0.409
0.409
0.409
0.409
0.312
0.312
0.312
0.172
0.623
0.623
0.623
0.623
0.623
0.623
0.623
0.623
0.623
0.201
0.168
0.371
0.371
0.371
0.371
0.187
0.154
0.587
0.587
0.587
0.587
0.587
0.587
0.587
0.587
0.587
0.312
0.162
0.681
0.681
0.681
0.681
0.681
0.681
0.681
0.681
0.681
0.681
0.681
0.708
0.434
0.433
0.433
0.433
0.433
0.299
0.197
0.865
0.865
0.865
0.865
0.865
0.865
0.865
0.865
0.865
0.865
0.865
0.207
1.277
0.812
0.812
0.812
0.812
0.812
0.812
0.812
0.812
0.812
0.812
0.694
0.694
0.694
0.694
0.694
0.694
0.509
0.503
0.503
0.503
0.204
0.204
0.204
0.204
0.735
0.735
0.735
0.735
0.735
0.735
0.735
0.735
0.735
0.735
0.789
0.789
0.789
0.789
0.789
0.789
0.677
0.677
0.24
0.24
0.167
0.161
0.264
0.264
0.167
0.167
0.389
0.389
0.389
0.389
0.389
0.296
0.296
0.296
0.296
0.182
0.387
0.387
0.387
0.387
0.187
0.175
0.51
0.51
0.51
0.51
0.51
0.497
0.497
0.497
0.497
0.366
0.184
0.163
0.293
0.237
0.237
0.152
0.126
0.157
0.184
0.184
0.154
0.263
0.263
0.263
0.212
0.212
0.157
0.469
0.197
0.111
0.258
0.258
0.258
0.13
0.12
0.275
0.275
0.275
0.275
0.183
0.125
0.379
0.379
0.379
0.379
0.343
0.135
0.299
0.299
0.299
0.299
0.147
0.174
0.22
0.156
0.166
0.482
0.482
0.482
0.482
0.153
0.888
0.888
0.888
0.418
0.418
0.418
0.418
0.418
0.418
0.439
0.439
0.439
0.293
0.274
0.274
0.17
0.165
0.443
0.443
0.443
0.443
0.443
0.443
0.318
0.203
0.217
0.28
0.28
0.28
0.198
0.282
0.275
0.275
0.275
0.171
0.274
0.274
0.235
0.163
0.325
0.325
0.181
0.158
0.269
0.269
0.176
0.162
0.354
0.354
0.354
0.354
0.307
0.307
0.307
0.307
0.247
0.502
0.502
0.502
0.502
0.394
0.394
0.394
0.394
1.618
0.203
0.154
0.156
0.321
0.197
0.735
0.386
0.386
0.386
0.386
0.386
0.326
0.156
0.439
0.439
0.439
0.439
0.439
0.391
0.262
0.219
0.247
0.247
0.217
0.27
0.27
0.223
0.223
0.156
0.334
0.159
0.173
0.242
0.17
0.177
0.322
0.322
0.322
0.196
0.196
0.141
0.239
0.274
0.274
0.148
0.21
0.147
0.167
0.271
0.147
0.2
0.256
0.256
0.264
0.153
0.272
0.272
0.204
0.166
0.277
0.277
0.274
0.274
0.274
0.274
0.306
0.225
0.213
0.213
0.172
0.249
0.317
0.317
0.317
0.317
0.276
0.342
0.342
0.342
0.342
0.199
0.199
0.201
0.253
0.211
0.162
0.314
0.314
0.314
0.314
0.17
0.17
0.18
0.205
0.131
0.15
0.184
0.156
0.158
0.199
0.139
0.157
0.222
0.153
0.157
0.199
0.149
0.128
0.426
0.233
0.17
0.225
9.056
0.211
0.165
0.194
0.155
0.169
0.199
0.155
0.164
0.18
0.155
0.196
0.206
0.128
0.155
0.364
0.364
0.364
0.364
0.364
0.364
0.344
0.204
0.425
0.425
0.425
0.425
0.425
0.425
0.272
0.202
0.312
0.312
0.312
0.312
0.151
0.171
0.24
0.24
0.235
0.158
0.299
0.299
0.299
0.299
0.201
0.144
0.578
0.578
0.578
0.578
0.578
0.578
0.578
0.578
0.578
0.578
0.578
0.593
0.163
0.402
0.402
0.402
0.402
0.402
0.402
0.193
0.172
0.648
0.648
0.648
0.648
0.648
0.648
0.648
0.648
0.648
0.648
0.648
0.677
0.18
0.37
0.37
0.37
0.37
0.37
0.37
0.197
0.139
0.33
0.33
0.33
0.33
0.211
0.292
0.292
0.292
0.292
0.292
0.402
0.402
0.402
0.402
0.402
0.402
0.188
0.209
0.209
0.323
0.323
0.323
0.323
0.151
0.32
0.32
0.32
0.32
0.32
0.223
0.223
0.215
0.155
0.332
0.332
0.332
0.332
0.155
0.174
0.493
0.493
0.493
0.493
0.493
0.493
0.493
0.493
0.493
0.365
0.224
0.217
0.217
0.14
0.146
0.572
0.572
0.572
0.572
0.572
0.572
0.572
0.572
0.572
0.571
0.247
0.247
0.489
0.489
0.489
0.489
0.489
0.489
0.489
0.279
0.156
0.52
0.52
0.52
0.52
0.52
0.52
0.52
0.301
0.214
0.389
0.389
0.389
0.389
0.389
0.389
0.389
0.327
0.284
0.284
0.284
0.284
0.284
0.301
0.301
0.301
0.301
0.142
0.186
0.186
0.491
0.491
0.491
0.491
0.491
0.491
0.491
0.381
0.295
0.295
0.295
0.295
0.295
0.267
0.267
0.267
0.267
0.125
0.233
0.233
0.233
0.233
0.231
0.231
0.133
0.328
0.328
0.328
0.316
0.316
0.316
0.316
0.158
0.266
0.266
0.266
0.266
0.191
0.125
0.238
0.238
0.238
0.238
0.165
0.125
0.217
0.217
0.217
0.204
0.204
0.12
0.278
0.278
0.278
0.278
0.323
0.323
0.323
0.25
0.147
0.241
0.241
0.196
0.136
0.547
0.547
0.547
0.547
0.547
0.547
0.547
0.547
0.547
0.547
2.33
2.33
2.33
2.33
2.33
2.33
2.33
2.33
2.33
2.33
2.33
2.33
2.33
2.33
2.33
2.33
2.33
2.33
2.33
2.33
2.33
2.33
2.33
2.33
2.33
2.33
2.33
2.33
2.33
2.33
2.33
2.33
2.33
2.33
2.33
2.33
2.33
2.33
2.33
2.33
2.33
2.33
2.33
2.33
2.33
2.33
2.33
2.33
2.33
2.33
5.402
0.285
0.285
0.285
0.176
0.134
0.612
0.612
0.612
0.612
0.612
0.612
0.612
0.612
0.612
0.612
0.147
0.131
0.274
0.274
0.274
0.274
0.153
0.148
0.205
0.205
0.148
0.166
0.166
0.297
0.297
0.297
0.297
0.144
0.178
0.178
0.285
0.285
0.285
0.285
0.148
0.185
0.185
0.246
0.246
0.162
0.276
0.276
0.276
0.276
0.297
0.297
0.297
0.297
0.194
0.184
0.184
0.413
0.413
0.413
0.413
0.413
0.413
0.413
0.175
0.269
0.269
0.269
0.269
0.289
0.289
0.16
0.149
0.437
0.437
0.437
0.437
0.437
0.437
0.437
0.15
0.143
0.332
0.332
0.332
0.155
0.136
0.176
0.129
0.192
0.347
0.347
0.347
0.22
0.246
0.246
0.246
0.193
0.138
0.253
0.253
0.253
0.194
0.153
0.263
0.263
0.263
0.189
0.228
0.228
0.228
0.209
0.209
0.182
0.217
0.217
0.217
0.164
0.218
0.159
0.189
0.189
0.339
0.15
0.17
0.208
0.162
0.167
0.209
0.161
0.168
0.21
0.168
0.155
0.214
0.153
0.162
0.21
0.156
0.15
0.181
0.151
0.16
0.179
0.153
0.202
0.202
0.268
0.268
0.268
0.153
0.186
0.209
0.209
0.142
0.157
0.268
0.268
0.268
0.26
0.172
0.484
0.484
0.484
0.484
0.484
0.484
0.484
0.484
0.484
0.398
0.161
0.268
0.268
0.268
0.137
0.142
0.609
0.609
0.609
0.609
0.609
0.609
0.609
0.609
0.609
0.455
1.241
0.33
0.33
0.33
0.33
0.246
0.162
0.241
0.185
0.42
0.356
0.356
0.356
0.356
0.269
0.197
6.797
7.792
8.609
0.224
0.22
0.195
0.195
0.257
0.188
0.174
0.202
0.168
0.167
0.216
0.177
0.202
0.202
0.322
0.187
0.175
0.209
0.19
0.171
0.419
0.419
0.419
0.419
0.419
0.419
0.395
0.176
0.449
0.449
0.449
0.449
0.449
0.449
0.368
0.193
0.286
0.286
0.286
0.21
0.152
0.209
0.412
0.234
0.277
0.277
0.277
0.35
0.171
0.254
0.254
0.199
0.274
0.274
0.214
0.207
0.153
0.295
0.295
0.209
0.301
0.301
0.233
0.229
0.186
0.186
0.231
0.713
0.428
0.282
0.282
0.183
0.174
0.212
0.19
0.206
0.286
0.286
0.324
0.228
0.396
0.396
0.396
0.396
0.396
0.396
0.534
0.352
0.352
0.352
0.352
0.301
0.239
0.229
0.229
0.471
0.471
0.471
0.471
0.471
0.471
0.522
0.302
0.302
0.302
0.302
0.199
0.155
0.243
0.243
0.243
0.195
0.162
0.166
0.292
0.292
0.292
0.292
0.369
0.241
0.241
0.241
0.321
0.321
0.321
0.321
0.19
0.382
0.382
0.382
0.382
0.382
0.382
0.382
0.359
0.359
0.359
0.359
0.175
0.249
0.249
0.249
0.508
0.508
0.508
0.508
0.358
0.413
0.413
0.413
0.413
0.413
0.413
0.413
0.221
0.246
0.499
0.499
0.499
0.499
0.499
0.499
0.499
0.499
0.499
0.499
0.189
0.135
0.303
0.303
0.303
0.303
0.378
0.378
0.378
0.378
0.174
0.559
0.559
0.559
0.559
0.559
0.559
0.559
0.559
0.559
0.559
0.177
0.139
0.394
0.394
0.394
0.394
0.394
0.394
0.394
0.331
0.331
0.331
0.331
0.306
0.475
0.475
0.475
0.475
0.475
0.475
0.475
0.475
0.269
0.269
0.269
0.13
0.44
0.44
0.44
0.44
0.44
0.44
0.44
0.187
0.126
0.485
0.485
0.485
0.485
0.485
0.485
0.485
0.485
0.485
0.274
0.274
0.274
0.255
0.276
0.276
0.276
0.176
0.14
0.511
0.511
0.511
0.511
0.511
0.511
0.511
0.511
0.511
0.18
0.132
0.302
0.302
0.302
0.302
0.232
0.152
0.444
0.444
0.444
0.379
0.379
0.166
0.317
0.317
0.317
0.317
0.205
0.16
0.459
0.459
0.459
0.459
0.459
0.459
0.459
0.459
0.233
0.233
0.217
0.217
0.217
0.224
0.224
0.252
0.252
0.252
0.232
0.232
0.232
0.468
0.468
0.468
0.468
0.468
0.468
0.468
0.468
0.181
0.155
0.278
0.278
0.278
0.278
0.278
0.278
0.278
0.174
0.317
0.317
0.317
0.317
0.367
0.116
0.399
0.399
0.399
0.399
0.399
0.399
0.399
0.191
0.136
0.178
0.413
0.413
0.413
0.413
0.413
0.413
0.413
0.311
0.456
0.456
0.456
0.456
0.456
0.456
0.456
0.438
0.438
0.438
0.438
0.438
0.438
0.438
0.455
0.182
0.577
0.577
0.577
0.577
0.577
0.577
0.577
0.577
0.577
0.577
0.648
0.182
0.173
0.146
0.332
0.332
0.332
0.332
0.332
0.707
0.707
0.707
0.707
0.707
0.707
0.707
0.707
0.707
0.707
1.041
0.307
0.307
0.307
0.725
0.725
0.725
0.725
0.725
0.725
0.725
0.725
0.725
0.725
0.725
0.725
0.725
1.268
0.396
0.396
0.396
0.396
0.396
0.967
0.967
0.967
0.967
0.967
0.967
0.967
0.967
0.967
0.967
0.967
0.967
0.967
1.27
0.401
0.401
0.401
0.401
0.401
0.401
0.676
0.676
0.676
0.676
0.676
0.676
0.676
0.676
0.676
0.676
0.676
0.676
7.004
7.004
7.004
9.569
0.762
0.762
0.762
0.762
0.762
0.762
0.762
0.762
0.762
0.762
0.762
0.762
0.9
0.42
0.42
0.42
0.42
0.42
0.42
0.686
0.686
0.686
0.686
0.686
0.686
0.686
0.686
0.686
0.686
0.686
0.686
0.686
1.404
0.359
0.359
0.359
0.359
0.352
0.352
0.352
0.435
0.973
0.973
0.775
0.775
0.775
0.775
0.775
0.775
0.775
0.775
0.775
0.775
0.775
0.775
0.775
0.893
0.315
0.315
0.315
0.315
0.86
0.86
0.86
0.86
0.86
0.86
0.86
0.86
0.86
0.86
0.86
0.86
0.86
0.86
0.86
0.86
0.606
1.419
0.233
0.182
0.177
0.932
0.932
0.932
0.932
0.932
0.932
0.932
0.932
0.932
0.932
0.932
0.932
0.932
0.932
0.932
0.932
0.762
0.762
1.554
0.764
0.764
0.764
0.764
0.764
0.764
0.764
0.764
0.764
0.764
0.764
0.764
0.764
0.764
0.551
1.19
0.356
0.356
0.356
0.356
0.222
0.233
0.233
0.83
0.83
0.83
0.83
0.83
0.83
0.83
0.83
0.83
0.83
0.83
0.83
0.83
0.83
0.885
0.885
0.885
1.688
0.521
0.521
0.521
0.521
0.521
0.521
0.521
0.521
0.519
0.378
0.378
0.378
0.294
0.294
0.176
0.29
0.29
0.29
0.29
0.567
0.567
0.567
0.567
0.567
0.567
0.567
0.567
0.522
0.522
1.349
0.264
0.264
0.19
0.317
0.317
0.317
0.317
0.209
0.205
0.343
0.343
0.343
0.343
0.343
0.246
0.246
0.164
0.201
0.255
0.181
0.365
0.365
0.365
0.365
0.365
0.291
0.22
0.197
0.412
0.412
0.412
0.412
0.412
0.412
0.423
0.496
0.224
0.161
0.181
0.427
0.427
0.427
0.427
0.427
0.427
0.359
0.167
0.399
0.399
0.399
0.399
0.399
0.399
0.233
0.176
0.253
0.218
0.37
0.37
0.37
0.37
0.37
0.37
0.44
0.44
0.44
0.44
0.44
0.44
0.337
0.32
0.32
0.32
0.378
0.378
0.378
0.378
0.253
0.436
0.436
0.436
0.436
0.436
0.436
0.328
0.328
0.198
0.272
0.272
0.272
0.356
0.356
0.356
0.356
0.292
0.342
0.342
0.342
0.342
0.263
0.263
0.263
0.289
0.289
0.289
0.315
0.315
0.221
0.4
0.4
0.4
0.4
0.4
0.4
0.524
0.524
0.524
0.524
0.524
0.524
0.524
0.524
0.805
0.46
0.46
0.46
0.46
0.46
0.46
0.46
0.355
0.355
0.355
0.375
0.446
0.446
0.446
0.446
0.446
0.446
0.541
0.541
0.541
0.541
0.541
0.541
0.541
0.541
0.65
0.374
0.374
0.649
0.649
0.649
0.649
0.649
0.649
0.649
0.649
0.649
0.649
0.649
0.251
0.941
0.241
0.227
0.227
0.227
0.726
0.726
0.726
0.726
0.726
0.726
0.726
0.726
0.726
0.726
0.726
0.794
0.526
0.526
0.526
0.526
0.526
0.526
0.526
0.526
0.526
0.826
0.826
0.826
0.826
0.826
0.826
0.826
0.826
0.826
0.826
0.826
0.826
0.826
0.826
0.826
0.826
0.606
0.606
0.606
1.48
0.226
0.182
0.57
0.57
0.57
0.57
0.57
0.57
0.57
0.57
0.57
0.921
0.921
0.921
0.921
0.921
0.921
0.921
0.921
0.921
0.921
0.921
0.921
0.921
0.921
0.921
0.921
0.86
0.86
0.86
0.86
0.86
0.86
0.86
2.107
0.408
0.408
0.408
0.408
0.408
0.408
0.341
0.293
0.293
0.293
0.262
0.262
0.207
0.467
0.467
0.467
0.467
0.467
0.467
0.467
0.439
0.439
0.439
0.439
0.439
0.439
0.428
0.428
0.61
0.61
0.61
0.61
0.61
0.61
0.61
0.61
0.61
0.61
0.61
0.283
0.283
0.283
0.208
0.208
0.287
0.287
0.287
0.381
0.381
0.381
0.215
0.633
0.633
0.633
0.633
0.633
0.633
0.633
0.633
0.633
0.633
0.633
0.461
0.461
0.461
0.461
0.461
0.461
0.507
0.263
0.263
0.263
0.36
0.36
0.36
0.36
0.32
0.286
0.286
0.286
0.423
0.423
0.423
0.423
0.423
0.423
0.384
0.367
0.367
0.367
0.32
0.32
0.32
0.32
0.235
0.179
0.402
0.402
0.402
0.402
0.325
0.15
0.188
0.18
0.259
0.259
0.259
0.279
0.176
0.191
0.194
0.174
0.264
0.264
0.264
0.22
0.23
0.269
0.269
0.269
0.215
0.156
0.24
0.337
0.337
0.337
0.337
0.269
0.275
0.275
0.275
0.196
0.158
0.31
0.31
0.31
0.31
0.31
0.359
0.359
0.359
0.359
0.218
0.217
0.217
0.275
0.275
0.275
0.18
0.349
0.349
0.349
0.349
0.349
0.209
0.178
0.248
0.248
0.248
0.302
0.302
0.302
0.165
0.264
0.264
0.264
0.214
0.172
0.282
0.282
0.282
0.282
0.214
0.154
0.304
0.304
0.304
0.304
1.349
1.349
1.349
2.94
3.77
0.338
0.18
0.168
0.335
0.19
0.289
0.289
0.289
0.522
0.522
0.522
0.522
0.522
0.522
0.522
0.503
0.392
0.392
0.392
0.392
0.392
0.295
0.295
0.189
0.34
0.34
0.34
0.34
0.34
0.457
0.457
0.457
0.457
0.457
0.457
0.457
0.647
0.193
0.315
0.315
0.315
0.14
0.176
0.218
0.177
0.376
0.376
0.376
0.376
0.376
0.376
0.373
0.373
0.373
0.232
0.202
0.202
0.344
0.344
0.344
0.344
0.379
0.378
0.378
0.378
0.378
0.378
0.378
0.195
0.156
0.319
0.319
0.319
0.319
0.319
0.33
0.33
0.33
0.33
0.442
0.21
0.21
0.249
0.249
0.148
0.35
0.35
0.35
0.35
0.35
0.388
0.388
0.324
0.305
0.305
0.305
0.305
0.266
0.266
0.175
0.324
0.324
0.324
0.324
0.463
0.463
0.463
0.463
0.463
0.463
0.463
0.853
0.183
0.391
0.391
0.339
0.206
0.639
0.639
0.639
0.639
0.639
0.639
0.639
0.685
0.685
0.685
0.685
0.685
0.685
2.34
0.391
0.391
0.391
0.462
0.363
0.363
0.363
0.363
0.363
0.386
0.386
0.386
0.332
0.435
0.435
0.435
0.435
0.435
0.435
0.242
0.452
0.191
0.389
0.509
0.171
4.618
5.948
6.932
0.451
0.375
0.302
0.302
0.302
0.229
0.134
0.228
0.228
0.259
0.217
0.261
0.261
0.261
0.207
0.153
1.01
1.01
1.01
1.01
1.01
1.01
1.01
1.01
1.01
0.28
0.178
0.172
1.74
1.74
1.74
1.74
1.74
1.74
1.74
1.74
1.74
3.568
4.2
0.183
0.151
0.373
0.373
0.373
0.373
0.373
0.373
0.206
0.155
0.146
0.273
0.273
0.134
0.356
0.356
0.356
0.356
0.356
0.356
0.254
0.254
0.14
0.831
0.831
0.831
0.831
0.831
0.831
0.831
0.831
0.831
0.831
0.831
0.831
0.831
0.831
0.831
0.831
0.831
0.831
0.249
0.249
0.19
0.274
0.274
0.274
0.333
0.333
0.319
0.947
0.947
0.947
0.947
0.947
0.947
0.947
0.947
0.947
0.947
0.947
0.947
0.947
0.947
0.947
0.947
0.947
0.947
0.319
0.319
0.194
0.64
0.64
0.64
0.64
0.64
0.64
0.64
0.64
0.64
0.64
0.64
0.64
0.64
0.258
0.258
0.187
0.382
0.382
0.382
0.382
0.382
8.362
9.349
5.631
5.631
5.631
5.631
5.631
5.631
5.631
5.631
5.631
5.631
5.631
5.631
5.631
0.383
0.167
0.636
0.636
0.636
0.636
0.636
0.636
0.636
0.636
0.636
0.636
0.636
0.636
0.277
0.277
0.277
0.207
0.316
0.316
0.316
0.316
0.283
0.283
0.283
0.133
0.708
0.708
0.708
0.708
0.708
0.708
0.708
0.708
0.708
0.708
0.708
0.708
0.281
0.281
0.281
0.275
0.829
0.829
0.829
0.829
0.829
0.829
0.829
0.829
0.829
0.829
0.829
0.829
0.829
0.829
0.829
0.829
0.829
0.829
0.231
0.167
0.572
0.572
0.572
0.572
0.572
0.572
0.572
0.301
0.301
0.301
0.382
0.956
0.956
0.956
0.956
0.956
0.956
0.956
0.956
0.956
0.956
0.956
0.956
0.956
0.956
0.956
0.956
0.956
0.956
1.154
1.154
1.154
1.154
1.154
1.154
1.154
1.234
0.511
0.511
0.511
0.511
0.511
0.511
0.511
0.511
0.511
0.511
0.481
0.481
0.327
0.394
0.394
0.394
0.394
0.394
0.486
0.486
0.486
0.486
0.486
0.486
0.486
0.52
0.607
0.607
0.607
0.607
0.607
0.607
0.607
0.607
0.607
0.607
0.949
0.949
0.949
0.949
0.949
0.949
0.949
0.949
0.949
0.949
0.949
0.949
0.949
0.949
0.949
0.949
0.949
1.342
0.768
0.768
0.768
0.768
0.768
0.768
0.768
0.768
0.768
0.768
0.768
0.768
0.768
0.768
0.768
0.768
0.315
0.315
0.315
0.141
0.249
0.249
0.933
0.933
0.933
0.933
0.933
0.933
0.933
0.933
0.933
0.933
0.933
0.933
0.933
0.933
0.933
0.933
0.933
1.15
1.319
1.319
1.319
1.319
1.319
1.319
1.319
1.319
1.319
1.319
1.319
1.319
1.319
1.319
1.319
1.319
0.462
0.462
0.462
0.462
0.462
0.462
0.462
0.59
0.785
0.785
0.785
0.785
0.785
0.785
0.785
0.785
0.785
0.785
0.785
0.785
0.785
0.785
0.785
0.309
0.309
0.309
0.285
0.308
0.308
0.308
0.541
0.541
0.541
0.541
0.541
0.541
0.541
0.571
0.868
0.868
0.868
0.868
0.868
0.868
0.868
0.868
0.868
0.868
0.868
0.868
0.868
0.868
0.868
0.306
0.306
0.306
0.306
0.304
0.593
0.593
0.593
0.593
0.593
0.593
0.593
0.593
0.593
0.593
0.593
0.291
0.291
0.291
0.158
0.329
0.329
0.329
0.372
0.372
0.372
0.372
0.238
0.644
0.644
0.644
0.644
0.644
0.644
0.644
0.644
0.644
0.644
0.644
0.417
0.417
0.417
0.417
0.417
0.417
0.417
0.444
0.448
0.448
0.448
0.448
0.448
0.448
0.448
0.188
0.185
0.35
0.35
0.35
0.35
0.433
0.433
0.433
0.433
0.433
0.433
0.433
0.543
0.453
0.453
0.453
0.453
0.453
0.453
0.453
0.252
0.252
0.252
0.313
0.276
0.276
0.276
0.599
0.599
0.599
0.485
0.274
0.274
0.193
0.178
0.298
0.298
0.298
0.188
0.167
0.292
0.292
0.292
0.216
0.168
0.336
0.336
0.336
0.558
0.269
0.291
0.291
0.291
0.428
0.169
0.384
0.384
0.384
0.384
0.384
0.326
0.326
0.326
0.326
0.326
0.242
0.309
0.309
0.309
0.278
0.278
0.278
0.205
0.399
0.399
0.399
0.399
0.399
0.402
0.402
0.402
0.402
0.402
