0.469
0.172
0.305
0.276
0.198
0.419
0.419
0.391
0.391
0.391
0.319
0.278
0.278
0.341
0.341
0.341
0.161
0.236
0.236
0.293
0.195
0.35
0.35
0.267
0.165
0.299
0.299
0.305
0.15
0.288
0.288
0.285
0.136
0.364
0.364
0.364
0.364
0.364
0.32
0.32
0.267
0.403
0.403
0.403
0.403
0.403
0.311
0.311
0.23
0.2
0.261
0.261
0.188
0.193
0.333
0.333
0.333
0.333
0.209
0.327
0.327
0.327
0.248
0.248
0.126
0.25
0.283
0.234
0.234
0.234
0.328
0.328
0.328
0.328
0.228
0.215
0.215
0.145
0.294
0.294
0.294
0.316
0.148
0.287
0.287
0.287
0.245
0.245
0.229
0.229
0.255
0.227
0.227
0.227
0.147
0.181
0.146
0.191
0.191
0.205
0.246
0.246
0.246
0.188
0.22
0.315
0.315
0.315
0.315
0.214
0.313
0.229
0.229
0.194
0.194
0.245
0.258
0.258
0.258
0.258
0.135
0.183
0.242
0.242
0.242
0.242
0.191
0.191
0.266
0.399
0.574
0.574
0.574
0.574
0.574
0.574
0.574
0.574
0.574
0.574
0.574
0.181
0.311
0.311
0.311
0.311
0.348
0.348
0.157
0.301
0.301
0.301
0.301
0.301
0.301
0.573
0.573
0.573
0.573
0.573
0.573
0.573
0.573
0.573
0.573
0.573
0.228
0.317
0.317
0.317
0.317
0.317
0.322
0.322
0.322
0.322
0.322
0.322
0.192
0.389
0.389
0.389
0.389
0.389
0.389
0.354
0.354
0.354
0.354
0.354
0.354
0.193
0.108
0.267
0.267
0.267
0.267
0.195
0.17
0.17
0.164
0.197
0.192
0.277
0.277
0.277
0.277
0.177
0.117
0.276
0.276
0.276
0.276
0.276
0.162
0.124
0.306
0.306
0.306
0.306
0.306
0.158
0.166
0.166
0.168
0.168
0.19
0.137
0.198
0.198
0.165
0.191
0.191
0.144
0.29
0.123
0.151
0.161
0.116
0.229
0.229
0.229
0.189
0.335
0.335
0.335
0.335
0.335
0.335
0.227
0.227
0.227
0.224
0.222
0.222
0.222
0.136
0.193
0.357
0.357
0.357
0.357
0.357
0.357
0.139
0.289
0.139
0.174
0.174
0.168
0.132
0.134
0.235
0.156
0.197
0.197
0.183
0.117
0.204
0.204
0.204
0.166
0.144
0.128
0.234
0.22
0.22
0.22
0.329
0.329
0.329
0.147
0.216
0.216
0.216
0.213
0.213
0.213
0.158
0.19
0.19
0.132
0.221
0.205
0.205
0.275
0.275
0.275
0.199
0.156
0.139
0.18
0.157
0.168
0.248
0.201
0.201
0.255
0.255
0.255
0.255
6.344
4.176
6.303
6.303
0.411
0.185
2.066
2.066
2.066
2.066
0.305
0.2
0.265
0.265
0.265
0.271
0.32
0.32
0.32
0.32
0.32
0.194
0.216
0.298
0.298
0.298
0.251
0.251
0.251
0.204
0.388
0.388
0.388
0.388
0.388
0.222
0.222
0.222
0.181
0.181
0.181
0.159
0.192
0.213
0.213
0.268
0.268
0.268
3.574
1.235
1.235
3.186
0.229
0.17
0.178
0.233
0.159
0.222
0.222
0.181
0.138
0.139
0.169
0.138
0.154
0.193
0.201
0.167
0.209
0.325
0.325
0.325
0.325
0.325
0.325
0.169
0.202
0.215
0.215
0.187
0.194
0.365
0.365
0.365
0.365
0.365
0.365
0.163
0.28
0.228
0.228
0.228
0.164
0.177
0.297
0.297
0.297
0.218
0.218
0.218
0.189
0.236
0.236
0.236
0.158
0.183
0.231
0.231
0.231
0.223
0.223
0.223
0.17
0.145
0.234
0.234
0.234
0.201
0.161
0.225
0.225
0.225
0.261
0.261
0.261
0.148
0.118
0.262
0.262
0.262
0.188
0.128
0.228
0.149
0.141
0.255
0.161
0.22
0.22
0.22
0.185
0.29
0.29
0.29
0.29
0.158
0.207
0.223
0.223
0.223
0.295
0.295
0.295
0.182
0.294
0.294
0.294
0.294
0.209
0.209
0.209
0.327
0.137
0.152
0.264
0.171
0.277
0.277
0.277
0.179
0.215
0.215
0.215
0.215
0.215
0.215
0.183
0.24
0.24
0.24
0.165
0.223
0.278
0.278
0.278
0.278
0.286
0.286
0.286
0.182
0.207
0.207
0.233
0.233
0.233
0.217
0.322
0.322
0.322
0.322
0.287
0.287
0.287
0.229
0.242
0.242
0.163
0.211
0.25
0.173
0.227
0.217
0.217
0.2
0.2
0.203
0.166
0.164
0.234
0.227
0.227
0.478
0.478
0.286
0.191
0.329
0.329
0.329
0.329
0.329
0.221
0.167
0.4
0.4
0.4
0.4
0.4
0.262
0.14
0.306
0.306
0.306
0.306
0.268
0.161
0.301
0.301
0.301
0.301
0.212
0.168
0.161
0.188
0.176
0.176
0.187
0.181
0.41
0.41
0.41
0.311
0.368
0.27
0.27
0.179
0.222
0.211
0.211
0.259
0.259
0.259
0.259
0.364
0.28
0.28
0.289
0.289
0.289
0.289
0.195
0.162
0.223
0.223
0.223
0.181
0.16
0.274
0.274
0.274
0.206
0.323
0.323
0.323
0.323
0.323
0.13
0.176
0.247
0.247
0.247
0.137
0.214
0.403
0.403
0.403
0.403
0.403
0.183
0.2
0.319
0.319
0.319
0.319
0.319
0.227
0.184
0.156
0.197
0.197
0.175
0.354
0.354
0.354
0.354
0.354
0.178
0.178
0.171
0.16
0.155
0.174
0.173
0.145
0.881
0.393
0.393
0.393
0.393
0.278
0.199
0.283
0.283
0.283
0.158
0.178
0.294
0.294
0.294
0.294
0.32
0.32
0.32
0.32
0.32
0.32
0.293
0.212
0.212
0.161
0.261
0.167
0.384
0.384
0.384
0.384
0.384
0.384
0.23
0.238
0.238
0.329
0.329
0.329
0.329
0.329
0.237
0.181
0.278
0.545
0.149
0.315
0.315
0.315
0.315
0.315
0.193
0.171
0.171
0.44
0.44
0.44
0.44
0.44
0.44
0.44
0.44
0.44
0.176
0.316
0.316
0.316
0.316
0.316
0.316
0.158
0.177
0.299
0.299
0.299
0.299
0.49
0.49
0.49
0.49
0.49
0.49
0.49
0.49
0.49
0.19
0.387
0.387
0.387
0.387
0.387
0.387
0.354
0.354
0.354
0.354
0.354
0.159
0.25
0.25
0.25
0.25
0.135
0.144
0.226
0.226
0.226
0.305
0.305
0.305
0.305
0.305
0.152
0.374
0.374
0.374
0.374
0.316
0.316
0.316
0.316
0.316
0.316
0.201
0.201
0.143
0.191
0.191
0.207
0.207
0.145
0.372
0.372
0.372
0.372
0.372
0.372
0.181
0.24
0.24
0.24
0.179
0.179
0.149
0.25
0.25
0.25
0.18
0.18
0.145
0.213
0.213
0.218
0.218
0.182
0.195
0.195
0.139
0.154
0.148
0.186
0.186
0.168
0.162
0.147
0.16
0.157
0.176
0.176
0.182
0.265
0.265
0.265
0.242
0.242
0.192
0.177
0.241
0.241
0.241
0.193
0.16
0.255
0.255
0.255
0.203
0.202
0.202
0.186
0.186
0.148
0.157
0.226
0.226
0.226
0.158
0.132
0.168
0.168
0.174
0.132
0.18
0.18
0.153
0.128
0.18
0.18
0.14
0.132
0.138
0.165
0.154
0.154
0.143
0.144
0.122
0.116
0.16
0.16
0.16
0.144
0.175
0.131
0.198
0.198
0.198
0.201
0.154
0.282
0.282
0.282
0.29
0.158
0.158
0.344
0.344
0.344
0.344
0.344
0.344
0.403
0.156
0.373
0.373
0.373
0.373
0.373
0.373
0.168
0.177
0.177
0.239
0.239
0.239
0.157
0.272
0.272
0.272
0.272
0.272
0.174
0.174
0.181
0.258
0.258
0.258
0.258
0.194
0.194
0.194
0.18
0.292
0.292
0.292
0.292
0.292
0.214
0.214
0.214
0.155
0.306
0.306
0.306
0.306
0.306
0.127
0.152
0.118
0.22
0.22
0.22
0.245
0.319
0.319
0.319
0.319
0.319
0.162
0.229
0.224
0.224
0.12
0.223
0.192
0.192
0.255
0.255
0.255
0.255
0.255
0.204
0.159
0.159
0.135
0.203
0.178
0.178
0.335
0.335
0.335
0.335
0.335
0.217
0.174
0.174
0.174
0.277
0.277
0.277
0.277
0.277
0.19
0.226
0.226
0.226
0.115
0.877
0.343
0.343
0.343
0.423
0.423
0.423
0.423
0.423
0.259
0.284
0.284
0.284
0.3
0.3
0.3
0.3
0.3
0.186
0.212
0.212
0.212
0.115
0.177
0.216
0.216
0.216
0.368
0.368
0.368
0.368
0.368
0.233
0.27
0.27
0.27
0.27
0.145
0.231
0.305
0.305
0.305
0.305
0.172
0.373
0.375
0.296
0.296
0.294
0.303
0.303
0.303
0.227
0.227
0.201
0.204
0.204
0.2
0.2
0.276
0.282
0.282
0.282
0.459
0.459
0.459
0.459
0.459
0.459
0.459
0.459
0.459
0.251
0.227
0.227
0.523
0.523
0.523
0.523
0.523
0.523
0.523
0.523
0.523
0.261
0.441
0.441
0.441
0.441
0.441
0.441
0.361
0.361
0.361
0.361
0.361
0.24
0.223
0.223
0.335
0.335
0.335
0.335
0.335
0.249
0.159
0.145
0.195
0.186
0.181
0.235
0.169
0.177
0.209
0.209
0.209
0.17
0.211
0.231
0.231
0.165
0.194
0.187
0.187
0.12
0.187
0.157
0.378
0.378
0.378
0.378
0.378
0.378
0.378
0.184
0.236
0.236
0.236
0.396
0.396
0.396
0.396
0.396
0.396
0.396
0.177
0.134
0.35
0.35
0.35
0.35
0.35
0.35
0.35
0.185
0.213
0.213
0.213
0.308
0.308
0.201
0.424
0.424
0.424
0.424
0.424
0.424
0.401
0.401
0.401
0.401
0.401
0.401
0.401
0.182
0.245
0.245
0.245
0.306
0.306
0.306
0.306
0.306
0.207
0.293
0.293
0.293
0.293
0.293
0.176
0.176
0.232
0.221
0.221
0.221
0.312
0.312
0.312
0.312
0.312
0.177
0.316
0.316
0.316
0.316
0.316
0.216
0.216
0.216
0.163
0.288
0.288
0.288
0.288
0.288
0.23
0.23
0.23
0.177
0.389
0.389
0.389
0.389
0.389
0.129
0.367
0.211
0.156
0.192
0.134
0.258
0.258
0.258
0.258
0.258
0.248
0.301
0.301
0.301
0.301
0.301
0.301
0.218
0.218
0.218
0.163
0.124
0.305
0.305
0.305
0.305
0.305
0.151
0.465
0.465
0.465
0.465
0.465
0.465
0.249
0.249
0.227
0.18
0.18
0.164
0.164
0.235
0.145
0.303
0.303
0.303
0.303
0.303
0.283
0.233
0.233
0.157
0.293
0.209
0.339
0.339
0.339
0.339
0.339
0.3
0.218
0.218
0.224
0.224
0.419
0.254
0.254
0.181
0.283
0.206
0.234
0.234
0.219
0.168
0.243
0.243
0.243
0.308
0.167
0.179
0.184
0.195
0.284
0.284
0.284
0.232
0.231
0.231
0.311
0.311
0.311
0.311
0.311
0.191
0.215
0.215
0.281
0.281
0.281
0.281
0.189
0.173
0.345
0.345
0.345
0.345
0.345
0.226
0.176
0.25
0.25
0.25
0.231
0.184
0.246
0.246
0.246
0.188
0.562
0.562
0.562
0.562
0.562
0.562
0.562
0.562
0.562
0.562
0.562
0.163
2.366
2.366
2.366
2.366
2.366
2.366
2.366
2.366
2.366
2.366
2.366
2.366
2.366
2.366
2.366
2.366
2.366
2.366
2.366
2.366
2.366
2.366
2.366
2.366
2.366
2.366
2.366
2.366
2.366
2.366
2.366
2.366
2.366
2.366
2.366
2.366
2.366
2.366
2.366
2.366
2.366
2.366
2.366
2.366
2.366
2.366
2.366
2.366
2.366
2.366
2.146
4.29
4.29
4.29
4.29
4.29
4.29
4.29
0.197
0.612
0.612
0.612
0.612
0.612
0.612
0.612
0.612
0.612
0.612
0.612
0.299
0.183
0.592
0.592
0.592
0.592
0.592
0.592
0.592
0.592
0.592
0.592
0.592
0.592
0.313
0.215
0.327
0.327
0.327
0.362
0.362
0.362
0.362
0.362
0.362
0.243
0.651
0.651
0.651
0.651
0.651
0.651
0.651
0.651
0.651
0.651
0.651
0.651
0.664
0.664
0.218
0.482
0.482
0.482
0.482
0.482
0.482
0.482
0.482
0.482
0.763
0.763
0.763
0.763
0.763
0.763
0.248
0.284
0.284
0.284
0.52
0.52
0.52
0.52
0.52
0.52
0.52
0.52
0.52
0.319
0.542
0.542
0.542
0.542
0.542
0.542
0.542
0.542
0.542
0.713
0.713
0.713
0.713
0.324
0.24
0.24
0.538
0.538
0.538
0.538
0.538
0.538
0.538
0.538
0.538
0.365
0.223
0.223
0.305
0.305
0.305
0.305
0.305
0.214
0.301
0.301
0.301
0.301
0.167
0.234
0.205
0.357
0.357
0.357
0.357
0.357
0.328
8.35
8.35
8.35
8.35
8.326
8.326
8.326
0.482
0.206
0.206
0.382
0.284
0.22
0.22
0.224
0.224
0.224
0.273
0.248
0.245
0.245
0.341
0.224
0.204
0.204
0.313
0.313
0.313
0.324
0.324
0.324
0.224
0.224
0.273
0.273
0.273
0.185
0.185
0.175
0.175
0.204
0.315
0.315
0.315
0.174
0.174
0.178
0.135
0.134
0.259
0.143
0.214
0.214
0.125
0.097
0.167
0.147
0.125
0.198
0.146
0.195
0.195
0.195
0.166
0.156
0.122
0.18
0.128
0.225
0.225
0.225
0.139
0.313
0.313
0.313
0.313
0.313
0.11
0.182
0.152
0.112
0.143
0.32
0.32
0.32
0.32
0.32
0.167
0.167
0.207
0.129
0.119
0.198
0.118
0.266
0.266
0.26
0.479
0.479
0.479
0.479
0.479
0.237
0.181
0.131
0.108
0.151
0.316
0.316
0.316
0.316
0.316
0.292
0.292
0.292
0.292
0.292
0.292
0.203
0.229
0.229
0.229
0.229
0.304
0.304
0.266
0.129
0.514
0.514
0.514
0.514
0.514
0.514
0.218
0.302
0.302
0.302
0.302
0.134
0.237
0.296
0.296
0.296
0.214
0.232
0.29
0.29
0.29
0.195
0.195
0.174
0.154
0.157
0.162
0.269
0.247
0.247
0.18
0.169
0.132
0.237
0.221
0.144
0.219
0.196
0.149
0.334
0.485
0.485
0.485
0.19
0.19
0.323
0.241
0.241
0.23
0.23
0.263
0.293
0.293
0.293
0.237
0.237
0.219
0.316
0.316
0.316
0.316
0.474
0.474
0.474
0.474
0.474
0.474
0.474
0.474
0.264
0.173
0.226
0.226
0.226
0.211
0.305
0.305
0.305
0.305
0.464
0.464
0.464
0.464
0.464
0.464
0.464
0.464
0.201
0.308
0.308
0.308
0.308
0.272
0.272
0.272
0.272
0.194
0.328
0.328
0.328
0.328
0.187
0.187
0.275
0.198
0.306
0.306
0.306
0.306
0.182
0.417
0.417
0.417
0.417
0.417
0.417
0.212
0.212
0.212
0.331
0.188
0.255
0.255
0.255
0.2
1.201
1.201
1.201
1.201
1.201
1.201
1.201
1.201
0.805
0.805
0.805
0.199
0.337
0.337
0.337
0.337
0.457
0.457
0.457
0.457
0.457
0.457
0.457
0.457
0.457
0.22
0.561
0.561
0.561
0.561
0.561
0.561
0.561
0.561
0.535
0.535
0.535
0.535
0.238
0.219
0.219
0.511
0.511
0.511
0.511
0.511
0.511
0.511
0.511
0.511
0.295
0.34
0.34
1.045
1.045
1.045
1.045
1.045
1.045
1.045
1.045
1.045
1.045
1.045
1.045
1.045
1.045
1.045
1.045
1.045
1.045
1.045
1.045
1.045
0.346
0.213
0.328
0.328
0.328
0.328
0.201
0.236
1.114
1.114
1.114
1.114
1.114
1.114
1.114
1.114
1.114
1.114
1.114
1.114
1.114
1.114
1.114
1.114
1.114
1.114
1.114
1.114
1.114
0.207
0.336
0.336
0.336
0.336
0.665
0.665
0.665
0.665
0.665
0.665
0.665
0.665
0.665
0.665
0.665
0.665
0.665
0.291
0.202
0.202
0.221
0.221
0.164
0.32
0.32
0.32
0.32
0.687
0.687
0.687
0.687
0.687
0.687
0.687
0.687
0.687
0.687
0.687
0.687
0.687
0.254
0.337
0.337
0.337
0.36
0.36
0.36
0.36
0.36
0.36
0.338
0.349
0.349
0.349
0.388
0.388
0.388
0.388
0.388
0.388
0.215
0.411
0.411
0.411
0.411
0.411
0.411
0.577
0.577
0.577
0.577
0.577
0.577
0.577
0.577
0.577
0.577
0.249
0.298
0.298
0.298
0.513
0.22
0.437
0.437
0.437
0.437
0.437
0.437
0.608
0.608
0.608
0.608
0.608
0.608
0.608
0.608
0.608
0.608
0.219
0.329
0.329
0.329
0.329
0.241
0.241
0.205
0.246
0.246
0.266
0.266
0.21
0.343
0.343
0.343
0.343
0.2
0.241
0.551
0.551
0.551
0.551
0.551
0.551
0.551
0.551
0.551
0.207
0.287
0.279
0.279
0.448
0.448
0.448
0.448
0.448
0.248
0.598
0.598
0.598
0.598
0.598
0.598
0.598
0.598
0.598
0.277
0.277
0.177
0.228
0.228
0.333
0.333
0.333
0.333
0.333
0.172
0.291
0.291
0.359
0.359
0.359
0.359
0.359
0.308
0.308
0.308
0.295
0.295
0.202
0.272
0.272
0.272
0.309
0.309
0.309
0.309
0.394
0.394
0.394
0.394
0.394
0.142
0.165
0.311
0.311
0.311
0.311
0.311
0.181
0.276
0.276
0.276
0.276
0.203
0.203
0.164
1.045
1.045
1.045
1.045
1.045
1.045
1.045
1.045
1.045
1.045
1.045
1.045
1.045
1.045
1.045
1.045
1.045
1.045
1.045
1.045
1.045
1.045
1.045
1.045
0.371
0.371
0.371
0.371
0.371
0.185
0.251
0.251
0.446
0.446
0.446
0.446
0.446
0.446
0.446
0.446
0.164
1.202
1.202
1.202
1.202
1.202
1.202
1.202
1.202
1.202
1.202
1.202
1.202
1.202
1.202
1.202
1.202
1.202
1.202
1.202
1.202
1.202
1.202
1.202
1.202
0.313
0.313
0.313
0.17
0.65
0.65
0.65
0.65
0.65
0.65
0.65
0.65
0.65
0.65
0.65
0.65
0.65
0.47
0.47
0.47
0.47
0.47
0.47
0.47
0.47
0.155
0.384
0.384
0.384
0.384
0.384
0.659
0.659
0.659
0.659
0.659
0.659
0.659
0.659
0.659
0.659
0.659
0.659
0.659
0.216
0.744
0.744
0.744
0.744
0.744
0.744
0.744
0.744
0.744
0.744
0.744
0.744
0.744
0.273
0.273
0.273
0.273
0.211
0.612
0.612
0.612
0.612
0.612
0.612
0.612
0.612
0.612
0.612
0.612
0.612
0.786
0.786
0.786
0.786
0.786
0.786
0.786
0.786
0.786
0.786
0.786
0.786
0.786
0.887
0.364
0.364
0.364
0.364
0.528
0.528
0.528
0.528
0.528
0.528
0.528
0.528
0.528
0.812
0.704
0.704
0.704
0.704
0.704
0.704
0.704
0.704
0.704
0.704
0.704
0.704
0.672
0.672
0.672
0.672
0.672
0.672
0.672
0.672
0.672
0.459
0.52
0.52
0.52
0.52
0.52
0.52
0.52
0.52
0.52
0.658
0.658
0.658
0.658
0.658
0.658
0.658
0.658
0.658
0.658
0.72
0.3
0.3
0.3
0.224
0.224
0.147
0.551
0.551
0.551
0.551
0.551
0.551
0.551
0.551
0.551
0.595
0.595
0.595
0.595
0.595
0.595
0.595
0.595
0.595
0.595
0.619
0.474
0.474
0.474
0.474
0.474
0.474
0.474
0.474
0.474
0.559
0.559
0.559
0.559
0.559
0.559
0.559
0.559
0.559
0.529
0.269
0.269
0.269
0.267
0.159
0.529
0.529
0.529
0.529
0.529
0.529
0.529
0.529
0.529
0.519
0.519
0.519
0.519
0.519
0.519
0.519
0.519
0.519
0.506
0.531
0.531
0.531
0.531
0.531
0.531
0.531
0.531
0.531
0.531
0.413
0.413
0.413
0.413
0.413
0.413
0.413
0.413
0.382
0.257
0.257
0.257
0.255
0.255
0.255
0.15
0.572
0.572
0.572
0.572
0.572
0.572
0.572
0.572
0.572
0.572
0.958
0.958
0.958
0.958
0.958
0.958
0.958
0.958
1.002
0.313
0.313
0.313
0.313
0.398
0.398
0.398
0.398
0.398
0.286
0.188
0.197
0.148
0.33
0.33
0.33
0.33
0.34
0.34
0.34
0.34
0.34
0.166
0.196
0.301
0.301
0.301
0.301
0.205
0.19
0.19
0.127
0.17
0.301
0.301
0.301
0.301
0.147
0.174
0.405
0.405
0.405
0.405
0.405
0.405
0.224
0.201
0.253
0.253
0.253
0.153
0.173
0.403
0.403
0.403
0.403
0.403
0.403
0.265
0.265
0.265
0.265
0.211
0.146
0.258
0.258
0.183
0.146
0.198
0.294
0.294
0.294
0.15
0.285
0.285
0.274
0.274
0.274
0.193
0.269
0.269
0.269
0.297
0.297
0.297
0.235
0.302
0.215
0.143
0.289
0.289
0.289
0.165
0.129
0.397
0.397
0.397
0.397
0.397
0.397
0.397
0.175
0.151
0.217
0.217
0.158
0.127
0.464
0.464
0.464
0.464
0.464
0.464
0.464
0.506
0.506
0.506
0.506
0.506
0.506
0.506
0.506
0.506
0.34
0.462
0.462
0.462
0.462
0.462
0.215
0.215
0.153
0.154
0.492
0.492
0.492
0.492
0.492
0.492
0.492
0.492
0.492
0.52
0.318
0.318
0.318
0.318
0.318
0.258
0.258
0.258
0.137
0.479
0.479
0.479
0.479
0.479
0.479
0.479
0.479
0.479
0.317
0.317
0.317
0.122
0.289
0.289
0.289
0.289
0.168
0.144
0.521
0.521
0.521
0.521
0.521
0.521
0.521
0.521
0.521
0.146
0.132
0.567
0.567
0.567
0.567
0.567
0.567
0.567
0.567
0.567
0.567
0.567
0.145
0.119
0.308
0.308
0.308
0.308
0.164
0.145
0.646
0.646
0.646
0.646
0.646
0.646
0.646
0.646
0.646
0.646
0.646
0.154
0.128
2
2
2
2
2
2
2
2
2
2
0.24
0.189
0.321
0.321
0.321
0.517
0.517
0.517
0.517
0.517
0.517
0.772
0.57
0.57
0.57
0.57
0.57
0.57
0.57
0.57
0.57
0.57
0.192
0.192
0.12
0.196
0.196
0.373
0.373
0.373
0.373
0.373
0.373
0.367
0.367
0.29
0.29
0.209
0.207
0.207
0.335
0.335
0.335
0.335
0.335
0.237
0.124
0.421
0.421
0.421
0.421
0.391
0.391
0.391
0.391
0.241
0.354
0.354
0.354
0.354
0.354
0.175
0.12
0.181
0.284
0.284
0.284
0.284
0.136
0.232
0.232
0.156
0.154
0.207
0.187
0.21
0.284
0.284
0.284
0.215
0.215
0.2
0.187
0.259
0.259
0.183
0.304
0.304
0.304
0.245
0.235
0.404
0.404
0.404
0.404
0.25
0.303
0.372
0.372
0.372
0.372
0.191
0.147
0.405
0.405
0.405
0.405
0.197
0.143
0.173
0.154
0.108
0.311
0.311
0.311
0.311
0.327
0.111
0.374
0.374
0.374
0.374
0.374
0.374
0.24
0.24
0.24
0.111
0.207
0.207
0.254
0.254
0.254
0.111
0.461
0.461
0.461
0.461
0.461
0.461
0.246
0.141
0.359
0.231
0.186
0.26
0.274
0.274
0.274
0.219
0.293
0.293
0.701
0.701
0.701
0.537
0.29
0.29
0.179
0.144
0.252
0.252
0.197
0.172
0.342
0.342
0.342
0.342
0.196
0.16
0.371
0.371
0.371
0.371
0.301
0.301
0.301
0.301
0.187
0.213
0.318
0.318
0.318
0.318
0.274
0.211
0.176
0.149
0.367
0.367
0.367
0.367
0.367
0.199
0.142
0.391
0.391
0.391
0.391
0.391
0.75
0.497
0.202
0.182
0.169
0.261
0.261
0.238
0.238
0.237
0.237
0.248
0.248
0.291
0.224
0.195
0.164
0.303
0.303
0.303
0.207
0.167
0.229
0.236
0.236
0.226
0.211
0.239
0.239
0.23
0.237
0.197
0.2
0.197
0.197
0.146
0.118
0.241
0.241
0.186
0.149
0.233
0.233
0.155
0.124
0.188
0.249
0.249
0.249
0.249
0.213
0.19
0.212
0.212
0.141
0.455
0.455
0.455
0.455
0.267
0.267
0.267
0.267
0.114
0.205
0.177
0.177
0.137
0.292
0.292
0.292
0.292
0.201
0.12
0.228
0.208
0.208
0.412
0.152
0.122
0.116
0.168
0.12
0.099
0.166
0.165
0.16
0.188
0.15
0.296
0.212
0.166
0.132
0.27
0.323
0.111
0.247
0.201
0.138
0.208
0.168
0.148
0.197
0.146
0.124
0.288
0.208
0.124
0.306
0.335
0.113
0.256
0.397
0.397
0.397
0.397
0.397
0.397
0.384
0.227
0.361
0.361
0.361
0.361
0.361
0.361
0.3
0.207
0.248
0.248
0.248
0.248
0.111
0.209
0.203
0.203
0.112
0.272
0.137
0.255
0.255
0.255
0.255
0.26
0.128
0.502
0.502
0.502
0.502
0.502
0.502
0.502
0.502
0.502
0.502
0.502
0.17
0.156
0.339
0.339
0.339
0.339
0.339
0.339
0.175
0.159
0.548
0.548
0.548
0.548
0.548
0.548
0.548
0.548
0.548
0.548
0.548
0.207
0.125
0.338
0.338
0.338
0.338
0.338
0.338
0.165
0.271
0.271
0.271
0.271
0.271
0.269
0.269
0.269
0.269
0.165
0.169
0.169
0.326
0.326
0.326
0.326
0.326
0.326
0.161
0.318
0.318
0.318
0.318
0.318
0.243
0.243
0.243
0.243
0.142
0.118
0.176
0.176
0.225
0.14
0.315
0.315
0.315
0.315
0.209
0.171
0.806
0.806
0.806
0.806
0.806
0.806
0.806
0.806
0.806
0.24
0.176
0.225
0.225
0.207
0.22
0.22
0.554
0.554
0.554
0.554
0.554
0.554
0.554
0.554
0.554
0.186
0.179
0.398
0.398
0.398
0.398
0.398
0.398
0.398
0.214
0.19
0.432
0.432
0.432
0.432
0.432
0.432
0.432
0.232
0.331
0.331
0.331
0.331
0.331
0.443
0.443
0.443
0.443
0.443
0.443
0.443
0.277
0.221
0.221
0.303
0.303
0.303
0.303
0.242
0.362
0.362
0.362
0.362
0.362
0.459
0.459
0.459
0.459
0.459
0.459
0.459
0.261
0.298
0.298
0.298
0.298
0.303
0.303
0.303
0.303
1.889
1.889
1.889
3.533
0.222
0.222
0.326
0.363
0.363
0.363
0.363
0.338
0.338
0.338
0.338
0.218
0.328
0.328
0.328
0.328
0.178
0.202
0.274
0.274
0.274
0.174
0.214
0.319
0.319
0.319
0.319
0.214
0.214
0.235
0.173
0.271
0.271
0.271
0.222
0.193
0.228
0.228
0.222
0.217
0.572
0.572
0.572
0.572
0.572
0.572
0.572
0.572
0.572
0.572
2.434
2.434
2.434
2.434
2.434
2.434
2.434
2.434
2.434
2.434
2.434
2.434
2.434
2.434
2.434
2.434
2.434
2.434
2.434
2.434
2.434
2.434
2.434
2.434
2.434
2.434
2.434
2.434
2.434
2.434
2.434
2.434
2.434
2.434
2.434
2.434
2.434
2.434
2.434
2.434
2.434
2.434
2.434
2.434
2.434
2.434
2.434
2.434
2.434
2.434
2.115
2.115
2.115
4.813
0.228
0.224
0.646
0.646
0.646
0.646
0.646
0.646
0.646
0.646
0.646
0.646
0.273
0.175
0.348
0.348
0.348
0.348
0.215
0.205
0.205
0.241
0.241
0.236
0.218
0.218
0.319
0.319
0.319
0.319
0.224
0.213
0.213
0.338
0.338
0.338
0.338
0.206
0.323
0.323
0.323
0.323
0.262
0.262
0.242
0.24
0.24
0.369
0.369
0.369
0.369
0.244
0.31
0.31
0.31
0.31
0.398
0.398
0.398
0.398
0.398
0.398
0.398
0.267
0.232
0.233
0.233
0.143
0.129
0.438
0.438
0.438
0.438
0.438
0.438
0.438
0.213
0.119
0.229
0.229
0.229
0.156
0.115
0.15
0.188
0.206
0.206
0.206
0.216
0.216
0.216
0.162
0.225
0.225
0.225
0.181
0.164
0.216
0.216
0.216
0.149
0.171
0.157
0.157
0.14
0.36
0.36
0.36
0.13
0.158
0.262
0.262
0.262
0.192
0.192
0.15
0.172
0.132
0.335
0.353
0.164
0.251
0.242
0.147
0.19
0.24
0.161
0.203
0.236
0.236
0.205
0.502
0.458
0.158
0.27
0.168
0.308
0.272
0.54
0.54
0.287
0.217
0.192
0.248
0.248
0.248
0.245
0.164
0.278
0.278
0.335
0.199
0.356
0.356
0.356
0.26
0.295
0.515
0.515
0.515
0.515
0.515
0.515
0.515
0.515
0.515
0.227
0.179
0.271
0.271
0.271
0.211
0.173
0.591
0.591
0.591
0.591
0.591
0.591
0.591
0.591
0.591
0.194
0.163
0.332
0.332
0.332
0.332
0.216
0.164
0.203
0.244
0.213
0.331
0.331
0.331
0.331
0.249
0.197
0.231
0.243
0.25
0.25
0.209
0.241
0.182
0.187
0.322
0.182
0.246
0.228
0.24
0.24
0.188
0.241
0.184
0.203
0.282
0.202
0.256
0.23
0.466
0.389
0.389
0.389
0.389
0.389
0.389
0.232
0.192
0.442
0.442
0.442
0.442
0.442
0.442
0.222
0.212
0.3
0.3
0.3
0.234
0.163
0.208
0.259
0.186
0.371
0.371
0.371
0.259
0.259
0.259
0.306
0.306
0.228
0.21
0.266
0.2
0.188
0.188
0.256
0.256
0.293
0.207
0.207
0.271
0.255
0.222
0.188
0.379
0.167
0.243
0.243
0.217
0.187
0.279
0.229
0.162
0.238
0.238
0.219
0.285
0.285
0.285
0.285
0.417
0.417
0.417
0.417
0.417
0.417
0.362
0.23
0.23
0.192
0.308
0.352
0.352
0.352
0.352
0.834
0.834
0.834
0.834
0.834
0.834
0.246
0.259
0.259
0.259
0.212
0.285
0.215
0.212
0.243
0.273
0.273
0.273
0.315
0.315
0.315
0.315
0.198
0.421
0.421
0.421
0.421
0.421
0.421
0.421
0.342
0.342
0.342
0.342
0.23
0.271
0.271
0.271
0.347
0.347
0.347
0.347
0.222
0.479
0.479
0.479
0.479
0.479
0.479
0.479
0.387
0.387
0.387
0.387
0.225
0.549
0.549
0.549
0.549
0.549
0.549
0.549
0.549
0.549
0.549
0.198
0.235
0.347
0.347
0.347
0.347
0.248
0.209
0.588
0.588
0.588
0.588
0.588
0.588
0.588
0.588
0.588
0.588
0.442
0.442
0.442
0.442
0.532
7.596
7.596
7.596
7.596
7.596
7.596
7.596
4.115
0.22
0.533
0.533
0.533
0.533
0.533
0.533
0.533
0.533
0.633
0.633
0.633
0.633
0.228
0.522
0.522
0.522
0.522
0.522
0.522
0.522
0.49
0.49
0.49
0.228
0.55
0.55
0.55
0.55
0.55
0.55
0.55
0.55
0.55
0.454
0.447
0.309
0.309
0.309
0.376
0.376
0.376
0.339
0.672
0.672
0.672
0.672
0.672
0.672
0.672
0.672
0.672
0.852
0.302
0.406
0.406
0.406
0.406
0.197
0.284
0.347
0.347
0.347
0.26
0.422
0.38
0.38
0.38
0.38
0.248
0.248
0.262
0.483
0.483
0.483
0.483
0.483
0.483
0.483
0.483
0.525
0.769
0.418
0.418
0.339
0.339
0.347
0.347
0.347
0.55
0.55
0.55
0.55
0.55
0.55
0.55
0.55
0.671
0.671
0.671
0.268
0.268
0.268
0.41
0.41
0.41
0.41
0.187
0.2
0.37
0.37
0.37
0.37
0.259
0.259
0.259
0.205
0.488
0.488
0.488
0.488
0.488
0.488
0.488
0.477
0.222
0.235
0.162
0.183
0.484
0.484
0.484
0.484
0.484
0.484
0.484
0.778
0.778
0.778
0.778
0.778
0.778
0.778
0.199
0.222
0.447
0.447
0.447
0.447
0.447
0.447
0.447
0.198
0.209
0.576
0.576
0.576
0.576
0.576
0.576
0.576
0.576
0.576
0.576
0.202
0.385
0.385
0.385
0.385
0.385
0.183
0.239
0.311
0.311
0.311
0.581
0.581
0.581
0.581
0.581
0.581
0.581
0.581
0.581
0.581
0.386
0.43
0.43
0.43
0.43
0.43
0.717
0.717
0.717
0.717
0.717
0.717
0.717
0.717
0.717
0.717
0.717
0.717
0.717
0.173
0.486
0.486
0.486
0.486
0.486
0.486
0.713
0.713
0.713
0.713
0.713
0.713
0.713
0.713
0.713
0.713
0.713
0.713
0.713
0.167
0.315
0.315
0.315
0.619
0.619
0.619
0.619
0.619
0.619
0.619
0.619
0.619
0.619
0.619
0.619
0.207
0.432
0.432
0.432
0.432
0.432
0.432
0.67
0.67
0.67
0.67
0.67
0.67
0.67
0.67
0.67
0.67
0.67
0.67
0.923
0.352
0.352
0.352
0.352
0.717
0.717
0.717
0.717
0.717
0.717
0.717
0.717
0.717
0.717
0.717
0.717
0.717
0.703
0.343
0.343
0.264
0.264
0.264
0.17
0.339
0.339
0.339
0.339
0.78
0.78
0.78
0.78
0.78
0.78
0.78
0.78
0.78
0.78
0.78
0.78
0.78
0.905
0.2
0.723
0.723
0.723
0.723
0.723
0.723
0.723
0.723
0.723
0.723
0.723
0.723
0.723
0.723
0.723
0.723
0.82
0.172
0.199
0.135
0.31
0.31
0.88
0.88
0.88
0.88
0.88
0.88
0.88
0.88
0.88
0.88
0.88
0.88
0.88
0.88
0.88
0.88
1.006
0.203
0.707
0.707
0.707
0.707
0.707
0.707
0.707
0.707
0.707
0.707
0.707
0.707
0.707
0.707
0.759
0.35
0.35
0.322
0.322
0.322
0.322
0.17
0.314
0.314
0.314
0.971
0.971
0.971
0.971
0.971
0.971
0.971
0.971
0.971
0.971
0.971
0.971
0.971
0.971
1.115
0.299
0.299
0.299
0.466
0.466
0.466
0.466
0.466
0.466
0.466
0.466
0.302
0.316
0.316
0.316
0.316
0.267
0.267
0.145
0.227
0.227
0.481
0.481
0.481
0.481
0.481
0.481
0.481
0.481
0.441
0.375
0.375
0.375
0.375
0.257
0.257
0.162
0.457
0.457
0.457
0.457
0.457
0.252
0.213
0.3
0.347
0.347
0.204
0.43
0.43
0.43
0.43
0.43
0.292
0.309
0.272
0.179
0.158
0.184
0.378
0.378
0.378
0.378
0.378
0.378
0.27
0.184
0.199
0.149
0.187
0.403
0.403
0.403
0.403
0.403
0.403
0.3
0.18
0.38
0.38
0.38
0.38
0.38
0.38
0.26
0.364
0.364
0.364
0.364
0.364
0.364
0.182
0.23
0.325
0.325
0.325
0.454
0.454
0.454
0.454
0.454
0.454
0.266
0.418
0.418
0.418
0.418
0.418
0.418
0.303
0.303
0.303
0.303
0.157
0.352
0.352
0.352
0.242
0.242
0.167
0.391
0.391
0.391
0.391
0.322
0.322
0.322
0.322
0.295
0.333
0.333
0.333
0.222
0.222
0.2
0.426
0.426
0.426
0.426
0.426
0.426
0.228
0.228
0.171
0.518
0.518
0.518
0.518
0.518
0.518
0.518
0.438
0.438
0.438
0.438
0.438
0.438
0.438
0.438
0.504
0.42
0.42
0.42
0.42
0.42
0.42
0.479
0.479
0.479
0.296
0.281
0.281
0.465
0.465
0.465
0.465
0.465
0.465
0.465
0.465
0.594
0.233
0.558
0.558
0.558
0.558
0.558
0.558
0.558
0.558
0.558
0.558
0.558
0.677
0.276
0.276
0.18
0.247
0.52
0.52
0.52
0.52
0.52
0.52
0.52
0.52
0.52
0.643
0.643
0.643
0.643
0.643
0.643
0.643
0.643
0.643
0.643
0.643
1.204
0.333
0.333
0.333
0.767
0.767
0.767
0.767
0.767
0.767
0.767
0.767
0.767
0.767
0.767
0.767
0.767
0.767
0.767
0.767
1.298
0.605
0.605
0.605
0.605
0.605
0.605
0.605
0.605
0.605
0.212
0.145
0.459
0.459
0.459
0.459
0.459
0.459
0.459
0.951
0.951
0.951
0.951
0.951
0.951
0.951
0.951
0.951
0.951
0.951
0.951
0.951
0.951
0.951
0.951
1.37
0.303
0.303
0.303
1.163
2.933
2.933
2.933
2.933
2.933
2.933
0.51
0.51
0.51
0.51
0.51
0.51
0.51
0.226
0.226
0.275
0.672
0.672
0.672
0.672
0.672
0.672
0.672
0.672
0.672
0.672
0.672
0.739
0.739
0.739
0.739
0.739
0.739
0.871
0.871
0.423
0.423
0.423
0.275
0.275
0.275
0.237
0.237
0.701
0.701
0.701
0.701
0.701
0.701
0.701
0.701
0.701
0.701
0.701
0.444
0.444
0.444
0.174
0.42
0.42
0.42
0.568
0.568
0.568
0.568
0.568
0.568
0.378
0.355
0.355
0.355
0.451
0.451
0.451
0.451
0.177
0.383
0.383
0.383
0.437
0.437
0.437
0.437
0.437
0.437
0.307
0.327
0.445
0.445
0.445
0.445
0.194
0.26
0.974
0.974
0.974
0.974
1.431
2.977
2.977
2.977
0.341
0.447
0.595
6.415
0.685
0.891
0.891
0.891
0.302
0.172
0.37
0.37
0.37
0.223
0.163
0.341
0.278
0.183
1.056
1.056
1.056
0.818
0.818
0.818
0.818
0.529
0.483
0.483
0.483
0.483
0.483
0.511
0.193
0.372
0.372
0.397
0.397
0.397
0.397
0.185
0.5
0.5
0.5
0.5
0.5
0.297
0.297
0.297
0.304
0.335
0.335
0.335
0.497
0.252
0.495
0.495
0.495
0.372
0.372
0.372
0.195
0.454
0.454
0.454
0.454
0.264
0.228
0.437
0.437
0.437
0.437
0.269
0.171
0.376
0.376
0.376
0.219
0.158
0.245
0.245
0.167
0.319
0.319
0.319
0.199
0.143
0.365
0.365
0.365
0.365
0.365
0.42
0.42
0.42
0.42
0.42
0.42
0.42
0.567
0.659
0.659
0.659
0.659
0.659
0.267
0.267
0.244
0.281
0.48
0.48
0.48
0.48
0.48
0.48
0.48
0.61
0.229
0.384
0.384
0.384
0.332
0.509
0.509
0.509
0.509
0.509
0.509
0.202
0.127
0.292
0.292
0.292
0.292
0.292
0.156
0.541
0.541
0.541
0.541
0.541
0.541
0.318
0.318
0.318
0.318
0.295
0.409
0.409
0.409
0.409
0.409
0.323
0.14
0.381
0.381
0.324
0.324
0.324
0.324
0.175
0.405
0.405
0.405
0.405
0.405
0.212
0.212
0.149
0.658
1.52
1.52
4.344
4.344
4.344
4.344
0.434
0.434
0.434
0.434
0.239
0.239
0.165
0.249
0.42
0.42
0.42
0.42
0.42
0.42
0.42
0.578
0.241
0.238
0.238
0.169
0.413
0.413
0.413
0.413
0.413
0.413
0.47
0.47
0.47
0.47
0.47
0.47
0.47
0.499
0.388
0.388
0.388
0.388
0.388
0.266
0.266
0.266
0.116
0.58
0.58
0.58
0.58
0.58
0.58
0.356
0.356
0.356
0.193
0.257
0.23
0.159
0.269
0.192
0.166
0.273
0.184
0.157
0.406
0.406
0.406
0.21
0.154
0.297
0.297
0.284
0.178
0.398
0.398
0.398
0.195
0.139
0.736
0.736
0.736
0.736
0.736
0.736
0.736
0.736
0.736
0.179
0.137
0.344
0.233
0.224
0.737
0.737
0.737
0.737
0.737
0.737
0.737
0.737
0.737
0.377
0.256
0.61
0.61
0.61
0.61
0.61
0.61
0.653
0.184
0.305
0.146
0.134
0.476
0.476
0.476
0.476
0.476
0.476
0.294
0.294
0.171
1.041
1.041
1.041
1.041
1.041
1.041
1.041
1.041
1.041
1.041
1.041
1.041
1.041
1.041
1.041
1.041
1.041
1.041
0.68
0.68
1.346
0.365
0.365
0.365
0.106
0.163
0.163
1.088
1.088
1.088
1.088
1.088
1.088
1.088
1.088
1.088
1.088
1.088
1.088
1.088
1.088
1.088
1.088
1.088
1.088
1.217
1.217
2.364
0.728
0.728
0.728
0.728
0.728
0.728
0.728
0.728
0.728
0.728
0.728
0.728
0.728
0.661
0.661
1.517
0.505
0.505
0.505
0.505
0.505
0.422
0.305
0.305
0.959
0.959
0.959
0.959
0.959
0.959
0.959
0.959
0.959
0.959
0.959
0.959
0.959
0.822
1.407
0.672
0.672
0.672
0.672
0.672
0.672
0.672
0.672
0.672
0.672
0.672
0.672
0.432
1.085
0.335
0.335
0.335
0.335
0.173
0.202
0.202
0.202
0.758
0.758
0.758
0.758
0.758
0.758
0.758
0.758
0.758
0.758
0.758
0.758
0.45
0.45
0.45
1.571
0.898
0.898
0.898
0.898
0.898
0.898
0.898
0.898
0.898
0.898
0.898
0.898
0.898
0.898
0.898
0.898
0.898
0.898
0.767
0.767
0.767
1.544
0.778
0.778
0.778
0.778
0.778
0.778
0.778
0.407
1.191
1.114
1.114
1.114
1.114
1.114
1.114
1.114
1.114
1.114
1.114
1.114
1.114
1.114
1.114
1.114
1.114
1.114
1.114
1.436
1.436
1.436
2.434
0.361
0.507
0.507
0.507
0.507
0.507
0.507
0.507
0.507
0.507
0.507
0.56
0.56
0.56
0.56
0.56
0.56
0.56
0.215
0.342
0.342
0.342
0.342
0.342
0.492
0.492
0.24
0.589
0.589
0.589
0.589
0.589
0.589
0.589
0.589
0.589
0.589
0.586
0.586
0.586
0.586
0.586
0.586
0.586
0.274
1.142
1.142
1.142
1.142
1.142
1.142
1.142
1.142
1.142
1.142
1.142
1.142
1.142
1.142
1.142
1.142
1.656
1.656
1.656
1.656
1.656
1.656
1.656
1.656
1.656
1.656
1.656
1.656
1.656
1.656
1.656
1.656
1.656
0.315
0.192
0.192
0.232
0.232
0.232
0.163
0.812
0.812
0.812
0.812
0.812
0.812
0.812
0.812
0.812
0.812
0.812
0.812
0.812
0.812
0.812
0.812
0.877
0.877
0.877
0.877
0.877
0.877
0.877
0.877
0.877
0.877
0.877
0.877
0.877
0.877
0.877
0.877
0.877
0.183
0.714
0.714
0.714
0.714
0.714
0.714
0.714
0.714
0.714
0.714
0.714
0.714
0.714
0.714
0.714
0.72
0.72
0.72
0.72
0.72
0.72
0.72
0.221
0.236
0.236
0.236
0.242
0.242
0.242
0.237
0.764
0.764
0.764
0.764
0.764
0.764
0.764
0.764
0.764
0.764
0.764
0.764
0.764
0.764
0.764
1.072
1.072
1.072
1.072
1.072
1.072
1.072
0.224
0.656
0.656
0.656
0.656
0.656
0.656
0.656
0.656
0.656
0.656
0.656
0.98
0.98
0.98
0.98
0.201
0.282
0.282
0.282
0.273
0.273
0.273
0.275
0.598
0.598
0.598
0.598
0.598
0.598
0.598
0.598
0.598
0.598
0.598
0.881
0.881
0.881
0.881
0.229
0.508
0.508
0.508
0.508
0.508
0.508
0.508
0.492
0.492
0.492
0.492
0.492
0.492
0.492
0.207
0.351
0.351
0.351
0.351
0.166
0.2
0.443
0.443
0.443
0.443
0.443
0.443
0.443
0.442
0.442
0.442
0.442
0.442
0.442
0.442
0.199
0.266
0.266
0.266
0.231
0.231
0.231
0.212
0.227
0.227
0.248
0.248
0.248
0.197
0.261
0.261
0.261
0.179
0.258
0.254
0.254
0.254
0.156
0.424
0.245
0.245
0.245
0.19
0.229
0.302
0.302
0.302
0.161
0.314
0.402
0.402
0.402
0.402
0.402
0.273
0.277
0.243
0.243
0.243
0.269
0.269
0.269
0.269
0.269
0.224
0.334
0.334
0.334
0.334
0.334
0.23
0.23
0.23
