0.488
0.3
0.367
0.367
0.367
0.795
0.795
0.795
0.298
0.325
0.37
0.37
0.327
0.327
0.324
0.263
0.335
0.335
0.301
0.301
0.26
0.287
0.333
0.333
0.336
0.336
0.321
0.321
0.297
0.297
0.453
0.453
0.392
0.392
0.392
0.392
0.392
0.475
0.475
0.475
0.475
0.475
0.375
0.375
0.375
0.375
0.439
0.439
0.471
0.471
0.471
0.471
0.322
0.263
0.449
0.449
0.449
0.309
0.366
0.366
0.366
0.294
0.373
0.293
0.293
0.241
0.343
0.343
0.33
0.33
0.289
0.378
0.378
0.443
0.443
0.443
0.275
0.44
0.44
0.44
2.58
2.58
2.58
2.58
0.321
0.321
0.519
0.519
0.519
0.519
0.348
0.422
0.42
0.42
0.42
0.42
0.383
0.412
0.412
0.412
0.412
0.32
0.32
0.294
0.467
0.467
0.489
0.489
0.489
0.489
0.489
0.489
0.428
0.428
0.428
0.428
0.428
0.496
0.496
0.496
0.496
0.496
0.496
0.662
0.662
0.662
0.662
0.662
0.662
0.662
0.662
0.662
0.662
0.662
0.316
0.316
0.765
0.765
0.765
0.765
0.765
0.765
0.765
0.765
0.765
0.765
0.765
0.251
0.337
0.337
0.302
0.487
0.487
0.487
0.487
0.487
0.487
0.487
0.487
0.487
0.487
0.487
0.487
0.381
0.381
0.381
0.381
0.284
0.431
0.431
0.431
0.431
0.436
0.384
0.507
0.507
0.507
0.507
0.507
0.676
0.676
0.676
0.676
0.676
0.373
0.373
0.308
0.437
0.437
0.478
0.478
0.482
0.482
0.358
0.387
0.416
0.312
0.433
0.433
0.433
0.433
0.433
0.433
0.345
0.345
0.345
0.568
0.568
0.568
0.568
0.568
0.568
0.402
0.402
0.402
0.532
0.532
0.532
0.533
0.379
0.353
0.411
0.476
0.377
0.402
0.358
0.358
0.29
0.396
0.396
0.754
0.754
0.754
0.456
0.456
0.456
0.849
0.849
0.849
1.071
0.831
0.831
0.831
0.37
0.37
0.309
0.309
0.351
0.351
0.351
0.306
0.378
0.378
0.378
0.272
0.27
0.266
0.253
0.396
0.396
0.42
0.42
0.436
0.436
0.436
0.436
0.459
0.48
0.48
0.48
0.48
0.358
0.358
0.358
0.277
0.458
0.458
0.458
0.506
0.339
0.337
0.337
0.337
0.32
0.451
0.451
0.451
0.509
0.509
0.509
0.509
0.509
0.434
0.434
0.434
0.479
0.479
0.479
0.479
0.479
0.404
0.404
0.325
0.311
0.311
0.336
0.336
0.338
0.338
0.208
0.217
0.285
0.295
0.233
2.688
0.777
0.39
0.273
0.363
0.251
0.341
0.341
0.341
0.252
0.358
0.358
0.358
0.271
0.264
0.402
0.402
0.402
0.354
0.354
0.354
0.481
0.481
0.481
0.481
0.481
0.481
0.325
0.325
0.488
0.488
0.488
0.488
0.488
0.488
0.348
0.348
0.348
0.36
0.36
0.36
0.344
0.344
0.344
0.342
0.342
0.342
0.281
0.309
0.307
0.323
0.308
0.351
0.351
0.351
0.251
0.486
0.486
0.486
0.388
0.369
0.352
0.352
0.352
0.279
0.349
0.349
0.349
0.325
0.325
0.325
0.245
0.336
0.336
0.336
0.249
0.332
0.362
0.362
0.362
0.354
0.354
0.354
0.395
0.395
0.395
0.395
0.368
0.368
0.368
0.531
0.531
0.531
0.531
0.254
0.241
0.242
0.238
0.257
0.329
0.329
0.329
0.34
0.34
0.34
0.293
0.293
0.244
0.276
0.276
0.25
0.366
0.366
0.366
0.366
0.483
0.483
0.513
0.513
0.513
0.513
0.608
0.608
0.608
0.608
0.608
0.581
0.581
0.581
0.581
0.581
0.412
0.412
0.527
0.464
0.464
0.5
0.5
0.5
0.5
0.497
0.497
0.497
0.497
0.366
0.323
0.323
0.498
0.258
0.302
0.295
0.295
0.277
0.681
0.294
0.265
0.366
0.366
0.366
0.366
0.35
0.35
0.35
0.35
0.309
0.309
0.42
0.42
0.42
0.332
0.332
0.351
0.351
0.351
0.349
0.349
0.349
0.347
0.347
0.365
0.365
0.263
0.268
0.27
0.305
0.452
0.452
0.452
0.452
0.452
0.361
0.361
0.361
0.407
0.407
0.407
0.407
0.407
0.433
0.433
0.433
0.433
0.433
0.278
0.465
0.465
0.465
0.465
0.465
0.269
0.293
0.322
0.322
0.304
0.304
0.248
0.305
0.258
0.242
0.37
0.37
0.37
0.37
0.314
0.314
0.314
0.36
0.36
0.36
0.36
0.308
0.308
0.249
0.279
0.279
0.325
0.286
0.225
0.226
0.412
0.412
0.412
0.412
0.412
0.412
0.228
0.496
0.496
0.496
0.496
0.496
0.496
0.375
0.375
0.375
0.375
0.375
0.217
0.422
0.422
0.422
0.422
0.422
0.251
0.251
0.542
0.542
0.542
0.542
0.542
0.542
0.542
0.542
0.542
0.232
0.572
0.572
0.572
0.572
0.572
0.572
0.572
0.572
0.572
0.415
0.415
0.415
0.415
0.415
0.415
0.359
0.359
0.359
0.359
0.457
0.457
0.457
0.457
0.457
0.457
0.392
0.392
0.392
0.392
0.392
0.224
0.417
0.417
0.417
0.417
0.417
0.325
0.325
0.325
0.325
0.378
0.378
0.378
0.502
0.502
0.502
0.502
0.412
0.412
0.412
0.412
0.412
0.412
0.278
0.278
0.466
0.466
0.466
0.466
0.466
0.466
0.367
0.244
0.283
0.283
0.376
0.376
0.273
0.273
0.338
0.338
0.338
0.313
0.313
0.313
0.222
0.369
0.369
0.249
0.297
0.297
0.344
0.344
0.355
0.266
0.266
0.342
0.342
0.315
0.323
0.323
0.323
0.339
0.339
0.339
0.261
0.225
0.252
0.252
0.38
0.38
0.38
0.263
0.263
0.233
0.299
0.299
0.299
0.325
0.333
0.333
12.244
12.244
9.705
0.473
0.473
0.238
3.072
0.223
0.303
0.223
0.205
0.231
0.344
0.344
0.213
0.252
0.252
0.215
0.214
0.232
0.211
0.285
0.285
0.285
0.336
0.336
0.336
0.385
0.385
0.214
0.964
0.964
0.413
0.413
0.413
0.413
0.413
0.413
0.496
0.496
0.496
0.496
0.496
0.496
0.431
0.431
0.431
0.431
0.431
0.464
0.464
0.464
0.464
0.416
0.416
0.416
0.416
0.416
0.288
0.288
0.288
0.29
0.29
0.316
0.316
0.316
0.385
0.385
0.385
0.385
0.385
0.304
0.421
0.421
0.421
0.421
0.421
0.336
0.336
0.336
0.287
0.373
0.373
0.373
0.299
0.299
0.345
0.345
0.249
0.246
0.271
0.271
0.29
0.29
0.335
0.335
0.335
0.335
0.335
0.208
0.351
0.351
0.351
0.351
0.351
0.261
0.261
0.261
0.271
0.271
0.271
0.249
0.249
0.249
0.353
0.353
0.353
0.353
0.353
0.243
1.012
1.012
1.012
1.012
1.012
0.261
0.261
0.261
0.262
0.262
0.262
0.263
0.263
0.263
0.401
0.401
0.401
0.401
0.401
0.296
0.425
0.425
0.425
0.425
0.425
0.333
0.333
0.333
0.333
0.369
0.369
0.369
0.369
0.172
0.181
0.191
0.222
0.222
0.212
0.212
0.238
0.238
0.347
0.347
0.347
0.315
0.315
0.335
0.335
0.335
0.49
0.49
0.49
0.49
0.49
0.49
0.49
0.49
0.49
0.525
0.525
0.525
0.525
0.525
0.525
0.525
0.525
0.525
0.209
0.209
0.375
0.375
0.375
0.375
0.375
0.375
0.205
0.205
0.318
0.318
0.318
0.318
0.318
0.339
0.339
0.339
0.339
0.339
0.17
0.167
0.164
0.174
0.177
0.181
0.144
0.164
0.162
0.401
0.401
0.401
0.401
0.401
0.401
0.401
0.513
0.513
0.513
0.513
0.513
0.513
0.513
0.227
0.227
0.229
0.229
0.26
0.26
0.434
0.434
0.434
0.434
0.434
0.434
0.434
0.278
0.278
0.419
0.419
0.419
0.419
0.419
0.419
0.419
0.274
0.342
0.342
0.342
0.255
0.357
0.357
0.357
0.357
0.357
0.403
0.403
0.419
0.419
0.419
0.419
0.419
0.343
0.343
0.343
0.471
0.471
0.471
0.471
0.471
0.471
0.374
0.374
0.374
0.311
0.311
0.311
0.328
0.328
0.328
0.383
0.383
0.383
0.383
0.383
0.33
0.33
0.33
0.388
0.388
0.388
0.388
0.388
0.494
0.494
0.494
0.494
0.494
0.427
0.427
0.427
0.427
0.427
0.226
0.225
0.212
0.246
0.435
0.435
0.435
0.435
0.435
0.435
0.26
0.474
0.474
0.474
0.474
0.474
0.474
0.372
0.372
0.372
0.372
0.372
0.316
0.316
0.316
0.425
0.425
0.425
0.425
0.425
0.239
0.273
0.273
0.286
0.601
0.601
0.34
0.34
0.288
0.288
0.377
0.377
0.377
0.377
0.377
0.564
0.65
0.65
0.65
0.65
0.65
0.258
0.231
0.231
0.165
0.223
0.223
0.528
0.528
0.215
0.215
0.406
0.406
0.406
0.235
0.322
0.322
0.322
0.361
0.223
0.371
0.371
0.371
0.371
0.371
0.374
0.374
0.374
0.374
0.416
0.416
0.416
0.416
0.416
0.235
0.298
0.308
0.308
0.308
0.322
0.322
0.322
0.3
0.3
0.247
0.247
0.184
0.222
0.194
0.178
0.223
0.226
0.19
0.599
0.599
0.599
0.599
0.599
0.599
0.599
0.599
0.599
0.599
0.599
0.471
0.471
0.471
0.471
0.471
0.471
0.471
0.603
0.603
0.603
0.603
0.603
0.603
0.603
0.603
0.603
0.603
0.603
0.401
0.401
0.401
0.401
0.401
0.401
0.207
0.207
0.713
0.713
0.713
0.713
0.713
0.713
0.607
0.607
0.607
0.607
0.607
0.607
0.607
0.607
0.607
0.607
0.607
0.607
0.323
0.323
0.323
0.708
0.708
0.708
0.708
0.708
0.708
0.708
0.708
0.708
0.708
0.708
0.708
0.494
0.494
0.494
0.494
0.494
0.494
0.494
0.494
0.494
0.342
0.342
0.342
0.342
0.552
0.552
0.552
0.552
0.552
0.552
0.552
0.552
0.552
0.5
0.5
0.5
0.5
0.5
0.5
0.5
0.5
0.5
0.261
0.261
0.261
0.541
0.541
0.541
0.541
0.541
0.541
0.541
0.541
0.541
0.351
0.351
0.351
0.351
0.351
0.225
0.376
0.376
0.376
0.376
0.376
0.2
0.282
0.282
0.276
0.276
0.262
0.262
0.262
0.224
0.28
0.28
0.28
0.202
0.291
0.291
0.291
0.291
0.185
0.294
0.294
0.294
0.294
0.231
0.231
0.227
0.227
0.228
0.228
0.218
0.218
0.262
0.262
0.226
0.226
0.23
0.23
0.198
0.203
0.201
0.221
0.345
0.345
0.345
0.299
0.299
0.422
0.422
0.422
0.237
0.247
0.242
0.307
0.25
0.255
0.267
0.334
0.334
0.334
0.282
0.336
0.336
0.336
0.237
0.332
0.441
0.441
0.441
0.441
0.441
0.262
0.436
0.436
0.436
0.436
0.436
0.264
0.254
0.3
0.3
0.336
0.329
0.329
0.282
0.266
0.262
0.242
0.436
0.436
0.436
0.436
0.436
0.436
0.299
0.299
0.473
0.473
0.473
0.473
0.473
0.473
0.438
0.438
0.438
0.438
0.438
0.216
0.443
0.443
0.443
0.443
0.443
0.405
0.405
0.405
0.405
0.266
0.38
0.38
0.38
0.38
0.302
0.302
0.302
0.381
0.381
0.381
0.238
0.217
0.189
0.199
0.18
0.172
0.174
0.398
0.398
0.398
0.248
0.248
0.308
0.308
0.308
0.295
0.295
0.211
0.285
0.285
0.321
0.321
0.321
0.321
0.223
0.346
0.346
0.346
0.346
0.311
0.311
0.311
0.311
0.342
0.342
0.342
0.342
0.239
0.423
0.423
0.423
0.423
0.423
0.423
0.197
0.504
0.504
0.504
0.504
0.504
0.504
0.504
0.504
0.448
0.448
0.448
0.448
0.518
0.518
0.518
0.518
0.518
0.518
0.518
0.518
0.222
0.222
0.286
0.286
0.219
0.211
0.314
0.314
0.314
0.314
0.231
0.231
0.339
0.339
0.339
0.339
0.28
0.28
0.28
0.294
0.294
0.294
0.226
0.411
0.411
0.411
0.411
0.411
0.411
0.279
0.279
0.279
0.388
0.388
0.388
0.388
0.388
0.388
0.197
0.212
0.293
0.293
0.293
0.293
0.236
0.236
0.335
0.335
0.335
0.335
0.243
0.243
0.218
0.218
0.222
0.222
0.517
0.517
0.517
0.517
0.517
0.517
0.517
0.517
0.517
0.234
0.234
0.57
0.57
0.57
0.57
0.57
0.57
0.57
0.57
0.57
0.494
0.494
0.494
0.494
0.494
0.494
0.494
0.494
0.436
0.436
0.436
0.54
0.54
0.54
0.54
0.54
0.54
0.54
0.54
0.229
0.229
0.24
0.24
0.24
0.24
0.288
0.288
0.288
0.288
0.229
0.229
0.311
0.311
0.311
0.311
0.278
0.278
0.278
0.278
0.159
0.314
0.314
0.314
0.314
0.264
0.264
0.264
0.278
0.278
0.278
0.28
0.28
0.28
1.086
1.086
1.086
1.086
1.086
1.086
1.086
1.086
1.086
1.086
1.086
1.086
1.086
1.086
1.086
1.086
1.086
1.086
1.086
1.086
1.086
1.086
1.086
1.086
0.252
0.252
1.217
1.217
1.217
1.217
1.217
1.217
1.217
1.217
1.217
1.217
1.217
1.217
1.217
1.217
1.217
1.217
1.217
1.217
1.217
1.217
1.217
1.217
1.217
1.217
0.513
0.513
0.513
0.513
0.513
0.513
0.513
0.513
0.513
0.342
0.342
0.342
0.342
0.547
0.547
0.547
0.547
0.547
0.547
0.547
0.547
0.547
0.671
0.671
0.671
0.671
0.671
0.671
0.671
0.671
0.671
0.671
0.671
0.671
0.671
0.383
0.383
0.383
0.383
0.383
0.747
0.747
0.747
0.747
0.747
0.747
0.747
0.747
0.747
0.747
0.747
0.747
0.747
1.003
1.003
1.003
1.003
1.003
1.003
1.003
1.003
1.003
1.003
1.003
1.003
1.003
1.003
1.003
1.003
1.003
1.003
1.003
1.003
1.003
0.404
0.404
0.404
0.404
1.082
1.082
1.082
1.082
1.082
1.082
1.082
1.082
1.082
1.082
1.082
1.082
1.082
1.082
1.082
1.082
1.082
1.082
1.082
1.082
1.082
0.634
0.634
0.634
0.634
0.634
0.634
0.634
0.634
0.634
0.634
0.634
0.634
0.357
0.357
0.357
0.357
0.705
0.705
0.705
0.705
0.705
0.705
0.705
0.705
0.705
0.705
0.705
0.705
0.665
0.665
0.665
0.665
0.665
0.665
0.665
0.665
0.665
0.665
0.665
0.665
0.665
0.278
0.278
0.793
0.793
0.793
0.793
0.793
0.793
0.793
0.793
0.793
0.793
0.793
0.793
0.793
0.536
0.536
0.536
0.536
0.536
0.536
0.536
0.536
0.536
0.418
0.418
0.418
0.574
0.574
0.574
0.574
0.574
0.574
0.574
0.574
0.574
1.392
1.392
1.392
1.392
1.392
1.392
0.415
0.415
0.415
0.415
0.415
0.415
0.531
0.531
0.531
0.531
0.531
0.531
0.531
0.531
0.531
0.308
0.308
0.308
0.562
0.562
0.562
0.562
0.562
0.562
0.562
0.562
0.562
0.618
0.618
0.618
0.618
0.618
0.618
0.618
0.618
0.618
0.618
0.253
0.62
0.62
0.62
0.62
0.62
0.62
0.62
0.62
0.62
0.62
0.677
0.677
0.677
0.677
0.677
0.677
0.677
0.677
0.677
0.677
0.298
0.298
0.298
0.661
0.661
0.661
0.661
0.661
0.661
0.661
0.661
0.661
0.661
0.246
0.246
0.266
0.266
0.376
0.376
0.376
0.376
0.291
0.361
0.361
0.361
0.361
0.234
0.264
0.181
0.157
0.176
0.191
0.174
0.174
0.383
0.383
0.383
0.383
0.383
0.24
0.24
0.45
0.45
0.45
0.45
0.45
0.292
0.292
0.292
0.334
0.334
0.334
0.334
0.334
0.181
0.349
0.349
0.349
0.349
0.349
0.223
0.223
0.206
0.228
0.228
0.345
0.345
0.345
0.345
0.345
0.228
0.228
0.4
0.4
0.4
0.4
0.4
0.298
0.298
0.298
0.204
0.299
0.299
0.299
0.492
0.492
0.492
0.492
0.492
0.492
0.492
0.492
0.31
0.31
0.31
0.512
0.512
0.512
0.512
0.512
0.512
0.512
0.512
0.407
0.407
0.407
0.407
0.407
0.407
0.407
0.258
0.258
0.458
0.458
0.458
0.458
0.458
0.458
0.458
0.718
0.718
0.718
0.718
0.718
0.718
0.718
0.718
0.718
0.718
0.718
0.718
0.718
0.33
0.33
0.33
0.33
0.718
0.718
0.718
0.718
0.718
0.718
0.718
0.718
0.718
0.718
0.718
0.718
0.718
0.349
0.349
0.349
0.349
0.349
0.219
0.392
0.392
0.392
0.392
0.392
0.518
0.518
0.518
0.518
0.518
0.518
0.518
0.518
0.518
0.556
0.556
0.556
0.556
0.556
0.556
0.556
0.556
0.556
0.531
0.531
0.531
0.531
0.531
0.531
0.531
0.531
0.531
0.366
0.366
0.366
0.366
0.539
0.539
0.539
0.539
0.539
0.539
0.539
0.539
0.539
0.576
0.576
0.576
0.576
0.576
0.576
0.576
0.576
0.576
0.576
0.292
0.292
0.603
0.603
0.603
0.603
0.603
0.603
0.603
0.603
0.603
0.603
0.63
0.63
0.63
0.63
0.63
0.63
0.63
0.63
0.63
0.63
0.63
0.351
0.351
0.351
0.351
0.647
0.647
0.647
0.647
0.647
0.647
0.647
0.647
0.647
0.647
0.647
0.578
0.578
0.578
0.578
0.578
0.578
0.578
0.578
0.578
0.232
0.571
0.571
0.571
0.571
0.571
0.571
0.571
0.571
0.571
0.542
0.542
0.542
0.542
0.542
0.542
0.542
0.542
0.542
0.542
0.282
0.282
0.282
0.604
0.604
0.604
0.604
0.604
0.604
0.604
0.604
0.604
0.604
0.687
0.687
0.687
0.687
0.687
0.687
0.687
0.687
0.319
0.319
0.319
0.568
0.568
0.568
0.568
0.568
0.568
0.568
0.568
0.26
0.26
0.268
0.268
0.401
0.401
0.401
0.401
0.401
0.204
0.337
0.337
0.337
0.337
0.337
0.372
0.372
0.372
0.372
0.372
0.399
0.399
0.399
0.399
0.368
0.368
0.368
0.368
0.368
0.346
0.346
0.346
0.346
0.182
0.325
0.325
0.325
0.325
0.208
0.244
0.244
0.176
0.363
0.363
0.363
0.363
0.363
0.363
0.268
0.268
0.268
0.4
0.4
0.4
0.4
0.4
0.4
0.27
0.27
0.27
0.175
0.292
0.292
0.292
0.189
0.196
0.293
0.293
0.293
0.293
0.344
0.344
0.344
0.344
0.25
0.25
0.25
0.283
0.283
0.283
0.264
0.264
0.264
0.3
0.3
0.3
0.3
0.199
0.352
0.352
0.352
0.352
0.213
0.201
0.423
0.423
0.423
0.423
0.423
0.423
0.23
0.23
0.443
0.443
0.443
0.443
0.443
0.443
0.241
0.22
0.242
0.242
0.279
0.279
0.252
0.252
0.31
0.31
0.31
0.31
0.296
0.296
0.296
0.296
0.265
0.175
0.331
0.331
0.331
0.331
0.331
0.373
0.373
0.373
0.373
0.373
0.17
0.206
0.206
0.189
0.22
0.259
0.259
0.259
0.179
0.185
0.204
0.304
0.304
0.235
0.235
0.237
0.237
0.189
0.216
0.199
0.189
0.292
0.292
0.292
0.292
0.192
0.31
0.31
0.31
0.31
0.581
0.581
0.581
0.581
0.581
0.581
0.581
0.581
0.581
0.294
0.294
0.569
0.569
0.569
0.569
0.569
0.569
0.569
0.569
0.569
0.202
0.183
0.178
0.256
0.256
0.256
0.31
0.31
0.31
0.305
0.36
0.253
0.182
0.186
0.207
0.192
0.207
0.212
0.218
0.21
0.256
0.182
0.173
0.175
0.177
0.162
0.159
0.154
0.18
0.155
0.186
0.344
0.344
0.344
0.344
0.344
0.238
0.238
0.332
0.332
0.332
0.332
0.332
0.197
0.236
0.185
0.176
0.253
0.253
0.196
0.15
0.238
0.285
0.332
0.332
0.332
0.332
0.332
0.278
0.278
0.369
0.369
0.369
0.369
0.369
0.399
0.399
0.399
0.399
0.399
0.399
0.227
0.227
0.436
0.436
0.436
0.436
0.436
0.436
0.308
0.308
0.308
0.308
0.289
0.289
0.289
0.505
0.505
0.505
0.505
0.379
0.315
0.289
0.289
0.289
0.289
0.245
0.245
0.245
0.301
0.301
0.301
0.301
0.255
0.255
0.255
0.255
0.151
0.301
0.301
0.301
0.301
0.177
0.16
0.171
0.15
0.153
0.171
0.218
0.218
0.343
0.343
0.409
0.167
0.158
0.149
0.157
0.151
0.201
0.201
0.202
0.202
0.2
0.2
0.26
0.26
0.26
0.26
0.194
0.194
0.321
0.321
0.321
0.321
0.21
0.169
0.166
0.18
0.576
1.178
0.316
0.302
0.351
0.351
0.351
0.344
0.344
0.344
0.585
0.585
0.585
0.36
0.36
0.36
0.358
0.358
0.358
0.322
0.322
0.286
0.305
0.305
0.212
0.169
0.224
0.28
0.242
0.258
0.283
0.588
0.339
0.339
0.339
0.355
0.355
0.355
0.261
0.422
0.422
0.26
0.272
0.272
0.468
0.292
0.259
0.493
0.493
0.493
0.493
0.447
0.447
0.447
0.447
0.28
0.264
0.422
0.277
0.225
0.241
0.227
0.228
0.272
0.272
0.299
0.299
0.298
0.278
0.267
0.296
0.296
0.316
0.29
0.327
0.327
0.393
0.325
0.312
0.26
0.244
0.271
0.437
0.437
0.276
0.276
0.268
0.223
0.226
0.354
0.39
0.39
0.39
0.39
0.323
0.323
0.407
0.407
0.407
0.407
0.294
0.299
0.302
0.302
0.266
0.327
0.327
0.339
0.292
0.292
0.244
0.305
0.305
0.29
0.29
0.216
0.218
0.207
0.31
0.346
0.317
0.308
0.328
0.313
0.314
0.345
0.298
0.341
0.342
0.299
0.298
0.374
0.392
0.392
0.392
0.392
0.344
0.344
0.43
0.43
0.43
0.43
0.413
0.413
0.413
0.413
0.413
0.413
0.463
0.463
0.463
0.463
0.463
0.463
0.294
0.294
0.294
0.291
0.418
0.418
0.418
0.393
0.393
0.393
0.393
0.332
0.332
0.472
0.472
0.472
0.472
0.496
0.496
0.496
0.496
0.496
0.496
0.496
0.367
0.367
0.367
0.615
0.615
0.615
0.615
0.615
0.615
0.615
0.647
0.647
0.647
0.647
0.647
0.647
0.647
0.647
0.647
0.647
0.647
0.556
0.556
0.556
0.556
0.556
0.556
0.727
0.727
0.727
0.727
0.727
0.727
0.727
0.727
0.727
0.727
0.727
0.687
0.687
0.687
0.687
0.687
0.687
0.687
0.687
0.687
0.687
0.442
0.442
0.442
0.442
0.711
0.711
0.711
0.711
0.711
0.711
0.711
0.711
0.711
0.711
0.49
0.49
0.49
0.49
0.49
0.49
0.441
0.441
0.441
0.441
0.553
0.553
0.553
0.553
0.553
0.553
0.567
0.567
0.567
0.567
0.567
0.567
0.567
0.967
0.967
0.967
0.967
0.967
0.967
0.967
0.967
0.577
0.577
0.577
0.577
0.577
0.577
0.577
0.384
0.384
0.384
0.384
0.325
0.325
0.386
0.386
0.386
0.386
0.606
0.606
0.606
0.606
0.606
0.606
0.606
0.606
0.606
0.336
0.336
0.336
0.604
0.604
0.604
0.604
0.604
0.604
0.604
0.604
0.604
0.559
0.559
0.559
0.559
0.559
0.559
0.559
0.559
0.559
0.285
0.285
0.774
0.774
0.774
0.774
0.774
0.774
0.774
0.774
0.774
0.37
0.37
0.37
0.37
0.335
0.335
0.335
0.362
0.362
0.362
0.362
0.45
0.45
0.45
0.45
0.45
0.45
0.45
0.491
0.491
0.491
0.491
0.491
0.491
0.491
0.563
0.563
0.563
0.563
0.563
0.563
0.563
0.563
0.331
0.331
0.546
0.546
0.546
0.546
0.546
0.546
0.546
0.546
0.486
0.486
0.486
0.486
0.486
0.486
0.486
0.361
0.361
0.361
0.361
0.531
0.531
0.531
0.531
0.531
0.531
0.531
0.316
0.316
0.316
0.316
0.384
0.384
0.384
0.384
0.448
0.448
0.448
0.448
0.288
0.288
0.338
0.338
0.338
0.338
0.647
0.647
0.647
0.647
0.647
0.647
0.647
0.261
0.586
0.586
0.586
0.586
0.586
0.586
0.586
0.258
0.279
0.222
0.193
0.342
0.342
0.342
0.342
0.342
0.276
0.276
0.276
0.352
0.352
0.352
0.352
0.352
0.276
0.276
0.297
0.297
0.297
0.242
0.242
0.366
0.366
0.366
0.366
0.366
0.366
0.289
0.289
0.289
0.434
0.434
0.434
0.434
0.434
0.434
0.6
0.6
0.6
0.6
0.6
0.6
0.6
0.6
0.6
0.6
0.317
0.317
0.317
0.547
0.547
0.547
0.547
0.547
0.547
0.547
0.547
0.547
0.547
1.423
1.423
1.423
1.423
0.238
0.238
0.32
0.32
0.32
0.32
0.314
0.314
0.314
0.314
0.232
0.232
0.33
0.33
0.33
0.33
0.311
0.311
0.311
0.311
0.233
0.233
0.316
0.316
0.316
0.316
0.252
0.21
0.227
0.432
0.432
0.432
0.432
0.432
0.432
0.432
0.278
0.278
0.536
0.536
0.536
0.536
0.536
0.536
0.536
0.234
0.234
0.182
0.232
0.232
0.279
0.279
0.279
0.207
0.306
0.306
0.306
0.361
0.361
0.361
0.351
0.351
0.351
0.29
0.198
0.2
0.318
0.318
0.318
0.318
0.306
0.306
0.324
0.324
0.324
0.324
0.342
0.342
0.342
0.342
0.342
0.278
0.388
0.388
0.388
0.388
0.388
0.216
0.233
0.199
0.181
0.181
0.202
0.205
0.2
0.212
0.196
0.31
0.377
0.377
0.377
0.377
0.377
0.377
0.266
0.266
0.266
0.41
0.41
0.41
0.41
0.41
0.41
0.195
0.199
0.287
0.287
0.287
0.407
0.407
0.407
0.407
0.337
0.337
0.337
0.415
0.415
0.415
0.415
0.415
0.415
0.527
0.527
0.527
0.527
0.527
0.527
0.527
0.429
0.429
0.429
0.429
0.429
0.429
0.183
0.201
0.235
0.235
0.205
0.244
0.244
0.285
0.285
0.285
0.251
0.251
0.332
0.332
0.332
0.492
0.492
0.492
0.492
0.492
0.492
0.492
0.492
0.492
0.419
0.419
0.419
0.557
0.557
0.557
0.557
0.557
0.557
0.557
0.557
0.557
0.512
0.512
0.512
0.512
0.512
0.512
0.512
0.512
0.512
0.28
0.28
0.28
0.555
0.555
0.555
0.555
0.555
0.555
0.555
0.555
0.555
0.453
0.453
0.453
0.453
0.453
0.453
0.453
0.292
0.292
0.292
0.536
0.536
0.536
0.536
0.536
0.536
0.536
0.41
0.41
0.41
0.41
0.257
0.388
0.388
0.388
0.388
0.587
0.587
0.587
0.587
0.587
0.587
0.587
0.587
0.587
0.587
0.587
0.281
0.281
0.281
0.62
0.62
0.62
0.62
0.62
0.62
0.62
0.62
0.62
0.62
0.62
0.498
0.498
0.498
0.296
0.296
0.296
0.285
0.285
0.285
0.196
0.198
0.204
0.201
0.187
0.202
0.216
0.29
0.29
0.29
0.196
0.354
0.354
0.354
0.267
0.177
0.268
0.268
0.268
0.227
0.288
0.288
0.288
0.371
0.371
0.371
0.371
0.371
0.371
0.394
0.394
0.394
0.394
0.394
0.394
0.384
0.384
0.384
0.384
0.384
0.256
0.256
0.376
0.376
0.376
0.376
0.376
0.263
0.263
0.263
0.247
0.273
0.273
0.273
0.252
0.252
0.252
0.441
0.441
0.441
0.228
0.228
0.162
0.247
0.247
0.284
0.284
0.284
0.284
0.315
0.315
0.315
0.315
0.17
0.162
0.317
0.317
0.317
0.265
0.303
0.303
0.303
0.3
0.3
0.285
0.244
0.244
0.35
0.35
0.35
0.35
0.35
0.358
0.358
0.358
0.358
0.358
0.538
0.538
0.538
0.538
0.538
0.538
0.367
0.496
0.496
0.496
0.496
0.496
0.496
0.359
0.288
0.302
0.281
0.406
0.406
0.406
0.406
0.406
0.406
0.274
0.274
0.503
0.503
0.503
0.503
0.503
0.503
0.327
0.327
0.327
0.327
0.345
0.345
0.345
0.345
0.415
0.415
0.415
0.415
0.415
0.275
0.275
0.503
0.503
0.503
0.503
0.503
0.361
0.361
0.361
0.361
0.36
0.36
0.36
0.36
0.329
0.329
0.329
0.329
0.345
0.345
0.345
0.345
0.201
0.228
0.317
0.317
0.317
0.317
0.215
0.399
0.399
0.399
0.399
0.226
0.217
0.285
0.285
0.285
0.215
0.358
0.358
0.358
0.386
0.386
0.386
0.386
0.386
0.386
0.4
0.4
0.4
0.4
0.4
0.45
0.45
0.45
0.45
0.45
0.45
0.195
0.206
0.229
0.214
0.223
0.222
0.237
0.237
0.228
0.258
0.258
0.349
0.349
0.349
0.275
0.275
0.36
0.36
0.36
0.316
0.316
0.316
0.235
0.311
0.311
0.311
0.547
0.547
0.547
0.547
0.547
0.547
0.547
0.547
0.547
0.232
0.621
0.621
0.621
0.621
0.621
0.621
0.621
0.621
0.621
0.29
0.268
0.473
0.473
0.473
0.473
0.473
0.473
0.366
0.503
0.503
0.503
0.503
0.503
0.503
0.514
0.514
0.514
0.514
0.514
0.514
0.514
0.552
0.552
0.552
0.552
0.552
0.552
0.552
1.005
1.005
1.005
1.005
1.005
1.005
1.005
1.005
1.005
1.005
1.005
1.005
1.005
1.005
1.005
1.005
1.005
1.005
0.394
0.394
0.394
1.059
1.059
1.059
1.059
1.059
1.059
1.059
1.059
1.059
1.059
1.059
1.059
1.059
1.059
1.059
1.059
1.059
1.059
0.745
0.745
0.745
0.745
0.745
0.745
0.745
0.745
0.745
0.745
0.399
0.729
0.729
0.729
0.729
0.729
0.729
0.729
0.729
0.729
0.729
0.75
0.75
0.75
0.75
0.75
0.75
0.75
0.75
0.75
0.75
0.75
0.75
0.75
0.627
0.627
0.627
0.627
0.627
0.801
0.801
0.801
0.801
0.801
0.801
0.801
0.801
0.801
0.801
0.801
0.801
0.801
0.244
0.241
0.738
0.738
0.738
0.738
0.738
0.738
0.738
0.738
0.738
0.738
0.738
0.738
0.738
0.791
0.791
0.791
0.791
0.791
0.791
0.791
0.791
0.791
0.791
0.791
0.791
0.791
5.641
5.641
5.641
5.641
5.641
5.641
5.641
5.641
5.641
5.641
5.641
5.641
0.412
0.412
0.412
0.412
0.757
0.757
0.757
0.757
0.757
0.757
0.757
0.757
0.757
0.757
0.757
0.757
0.643
0.643
0.643
0.643
0.643
0.643
0.643
0.643
0.643
0.643
0.643
0.643
0.714
0.714
0.714
0.714
0.714
0.714
0.714
0.714
0.714
0.714
0.714
0.714
0.915
0.915
0.915
0.915
0.915
0.915
0.915
0.915
0.915
0.915
0.915
0.915
0.915
0.915
0.915
0.915
0.915
0.915
0.476
0.476
0.476
0.476
0.476
0.476
0.476
0.926
0.926
0.926
0.926
0.926
0.926
0.926
0.926
0.926
0.926
0.926
0.926
0.926
0.926
0.926
0.926
0.926
0.926
0.657
0.657
0.657
0.657
0.657
0.657
0.657
0.657
0.657
0.657
0.657
0.657
0.657
0.298
0.298
0.298
0.709
0.709
0.709
0.709
0.709
0.709
0.709
0.709
0.709
0.709
0.709
0.709
0.709
0.84
0.84
0.84
0.84
0.84
0.84
0.84
0.84
0.84
0.84
0.436
0.436
0.436
0.436
0.436
0.637
0.637
0.637
0.637
0.637
0.637
0.637
0.637
0.637
0.637
0.842
0.842
0.842
0.842
0.842
0.842
0.842
0.842
0.842
0.842
0.842
0.842
0.842
0.842
0.842
0.842
0.243
0.899
0.899
0.899
0.899
0.899
0.899
0.899
0.899
0.899
0.899
0.899
0.899
0.899
0.899
0.899
0.899
0.829
0.829
0.829
0.829
0.829
0.829
0.829
0.829
0.829
0.829
0.829
0.829
0.829
0.829
0.829
0.829
0.286
0.286
0.94
0.94
0.94
0.94
0.94
0.94
0.94
0.94
0.94
0.94
0.94
0.94
0.94
0.94
0.94
0.94
0.735
0.735
0.735
0.735
0.735
0.735
0.735
0.735
0.735
0.735
0.735
0.735
0.735
0.735
0.393
0.393
0.393
0.393
0.851
0.851
0.851
0.851
0.851
0.851
0.851
0.851
0.851
0.851
0.851
0.851
0.851
0.851
0.761
0.761
0.761
0.761
0.761
0.761
0.761
0.761
0.761
0.761
0.761
0.761
0.761
0.761
0.761
0.321
0.321
0.321
0.856
0.856
0.856
0.856
0.856
0.856
0.856
0.856
0.856
0.856
0.856
0.856
0.856
0.856
0.856
0.514
0.514
0.514
0.514
0.514
0.514
0.514
0.514
0.322
0.322
0.544
0.544
0.544
0.544
0.544
0.544
0.544
0.544
0.637
0.637
0.637
0.637
0.637
0.637
0.637
0.637
0.637
0.637
0.637
0.337
0.337
0.337
0.754
0.754
0.754
0.754
0.754
0.754
0.754
0.754
0.754
0.754
0.754
0.288
0.288
0.229
0.262
0.262
0.453
0.453
0.453
0.453
0.453
0.453
0.453
0.435
0.435
0.435
0.435
0.697
0.697
0.697
0.697
0.697
0.697
0.697
0.268
0.215
0.325
0.325
0.325
0.326
0.326
0.33
0.33
0.33
0.383
0.383
0.383
0.383
0.383
0.383
0.215
0.419
0.419
0.419
0.419
0.419
0.419
0.303
0.303
0.303
0.353
0.353
0.353
0.332
0.332
0.332
0.392
0.392
0.392
0.392
0.392
0.392
0.194
0.408
0.408
0.408
0.408
0.408
0.408
0.392
0.392
0.392
0.392
0.392
0.273
0.273
0.273
0.442
0.442
0.442
0.442
0.442
0.298
0.298
0.298
0.298
0.288
0.288
0.346
0.346
0.346
0.346
0.358
0.358
0.358
0.358
0.358
0.379
0.379
0.39
0.39
0.39
0.39
0.39
0.224
0.224
0.254
0.254
0.375
0.375
0.375
0.375
0.375
0.375
0.44
0.44
0.44
0.44
0.44
0.44
0.471
0.471
0.471
0.471
0.471
0.471
0.471
0.471
0.395
0.395
0.395
0.526
0.526
0.526
0.526
0.526
0.526
0.526
0.526
0.413
0.413
0.413
0.413
0.413
0.413
0.413
0.192
0.464
0.464
0.464
0.464
0.464
0.464
0.464
0.739
0.739
0.739
0.739
0.739
0.739
0.739
0.739
0.739
0.739
0.739
0.196
0.622
0.622
0.622
0.622
0.622
0.622
0.622
0.622
0.622
0.622
0.622
0.502
0.502
0.502
0.502
0.502
0.502
0.502
0.502
0.502
0.253
0.253
0.635
0.635
0.635
0.635
0.635
0.635
0.635
0.635
0.635
0.224
0.184
0.784
0.784
0.784
0.784
0.784
0.784
0.784
0.784
0.784
0.784
0.784
0.784
0.784
0.784
0.784
0.784
0.194
0.959
0.959
0.959
0.959
0.959
0.959
0.959
0.959
0.959
0.959
0.959
0.959
0.959
0.959
0.959
0.959
0.688
0.688
0.688
0.688
0.688
0.688
0.688
0.688
0.688
0.688
0.688
0.688
0.317
0.317
0.317
0.725
0.725
0.725
0.725
0.725
0.725
0.725
0.725
0.725
0.725
0.725
0.725
0.321
0.321
0.321
0.385
0.385
0.385
0.497
0.497
0.497
0.497
0.497
0.497
0.256
0.256
0.462
0.462
0.462
0.462
0.462
0.462
0.48
0.48
0.48
0.48
0.48
0.48
0.48
0.48
0.48
0.255
0.255
0.598
0.598
0.598
0.598
0.598
0.598
0.598
0.598
0.598
0.301
0.301
0.301
0.313
0.313
0.313
0.412
0.412
0.412
0.412
0.412
0.412
0.384
0.384
0.384
0.384
0.384
0.399
0.399
0.399
0.399
0.399
0.399
0.427
0.427
0.427
0.427
0.427
0.427
0.334
0.334
0.334
0.334
0.399
0.399
0.399
0.399
0.399
0.399
0.447
0.447
0.447
0.447
0.447
0.447
0.447
0.499
0.499
0.499
0.499
0.499
0.499
0.499
0.499
0.455
0.455
0.455
0.455
0.455
0.455
0.455
0.496
0.496
0.496
0.496
0.411
0.411
0.411
0.411
0.26
0.26
0.254
0.254
0.323
0.258
0.259
0.259
0.259
0.363
0.363
0.363
0.203
0.205
0.186
0.174
0.258
0.346
0.346
0.346
0.346
0.191
0.31
0.31
0.31
0.31
0.426
0.426
0.426
0.426
0.426
0.426
0.31
0.31
0.31
0.447
0.447
0.447
0.447
0.447
0.447
0.313
0.313
0.313
0.245
0.303
0.303
0.303
0.313
0.313
0.313
0.313
0.21
0.327
0.327
0.327
0.327
0.215
0.219
0.274
0.342
0.342
0.237
0.262
0.219
0.234
0.221
0.209
0.446
0.446
0.446
0.446
0.446
0.446
0.446
0.256
0.256
0.465
0.465
0.465
0.465
0.465
0.465
0.465
0.359
0.359
0.359
0.359
0.359
0.547
0.547
0.547
0.547
0.547
0.261
0.261
0.261
0.252
0.318
0.318
0.318
0.531
0.531
0.531
0.531
0.531
0.531
0.531
0.531
0.531
0.252
0.252
0.568
0.568
0.568
0.568
0.568
0.568
0.568
0.568
0.568
0.338
0.338
0.338
0.338
0.187
0.338
0.338
0.338
0.338
0.328
0.328
0.328
0.328
0.322
0.322
0.322
0.336
0.336
0.336
0.336
0.265
0.226
0.234
0.234
0.267
0.267
0.243
0.243
0.581
0.581
0.581
0.581
0.581
0.581
0.581
0.581
0.581
0.581
0.581
0.235
0.235
0.638
0.638
0.638
0.638
0.638
0.638
0.638
0.638
0.638
0.638
0.638
0.209
0.201
0.441
0.441
0.441
0.441
0.441
0.441
0.441
0.254
0.254
0.467
0.467
0.467
0.467
0.467
0.467
0.467
0.375
0.375
0.375
0.375
0.375
0.375
0.214
0.418
0.418
0.418
0.418
0.418
0.418
0.302
0.302
0.302
0.303
0.303
0.303
0.328
0.328
0.328
0.305
0.305
0.305
0.176
0.22
0.22
0.226
0.194
0.222
0.322
0.322
0.322
0.235
0.315
0.315
0.315
0.221
0.219
0.258
0.242
1.67
1.24
0.216
0.208
0.196
0.226
0.193
0.181
0.362
0.362
0.362
0.362
0.362
0.362
0.498
0.498
0.498
0.498
0.498
0.498
0.227
0.227
0.24
0.24
0.201
0.209
0.213
0.233
0.246
0.246
0.275
0.275
0.389
0.389
0.389
0.389
0.389
0.393
0.393
0.393
0.393
0.393
0.254
0.254
0.267
0.267
0.259
0.259
0.243
0.243
0.231
0.231
0.277
0.277
0.173
0.237
0.237
0.239
0.194
0.175
0.185
0.197
0.323
0.323
0.323
0.323
0.323
0.323
0.239
0.239
0.248
0.248
0.32
0.32
0.32
0.209
0.315
0.315
0.315
0.362
0.362
0.362
0.362
0.362
0.359
0.359
0.359
0.359
0.359
0.46
0.46
0.46
0.46
0.46
0.46
0.46
0.245
0.245
0.469
0.469
0.469
0.469
0.469
0.469
0.469
0.213
0.169
0.53
0.53
0.53
0.53
0.53
0.53
0.53
0.53
0.53
0.214
0.538
0.538
0.538
0.538
0.538
0.538
0.538
0.538
0.538
0.846
0.846
0.846
0.846
0.846
0.846
0.846
0.846
0.846
0.846
0.846
0.846
0.846
0.846
0.846
0.846
0.846
0.286
0.286
0.286
0.914
0.914
0.914
0.914
0.914
0.914
0.914
0.914
0.914
0.914
0.914
0.914
0.914
0.914
0.914
0.914
0.914
0.195
0.228
0.334
0.334
0.334
0.334
0.334
0.357
0.357
0.357
0.357
0.357
0.422
0.422
0.422
0.422
0.422
0.422
0.422
0.255
0.255
0.255
0.462
0.462
0.462
0.462
0.462
0.462
0.462
0.406
0.406
0.406
0.406
0.406
0.406
0.282
0.282
0.282
0.394
0.394
0.394
0.394
0.394
0.394
0.281
0.281
0.281
0.281
0.271
0.271
0.271
0.304
0.304
0.304
0.304
0.309
0.309
0.309
0.309
0.187
0.33
0.33
0.33
0.33
0.391
0.391
0.391
0.391
0.391
0.391
0.391
0.191
0.486
0.486
0.486
0.486
0.486
0.486
0.486
0.384
0.384
0.384
0.384
0.384
0.384
0.258
0.258
0.579
0.579
0.579
0.579
0.579
0.579
0.306
0.306
0.306
0.315
0.315
0.315
0.305
0.218
0.215
0.22
0.229
0.211
0.213
0.429
0.429
0.429
0.429
0.429
0.429
0.308
0.308
0.308
0.434
0.434
0.434
0.434
0.434
0.434
0.37
0.37
0.37
0.37
0.37
0.319
0.319
0.319
0.398
0.398
0.398
0.398
0.398
0.213
0.224
0.246
0.223
0.266
0.279
0.279
0.314
0.314
0.274
0.274
0.34
0.34
0.34
0.34
0.347
0.347
0.347
0.347
0.22
0.228
0.406
0.406
0.406
0.406
0.406
0.406
0.47
0.47
0.47
0.636
0.636
0.636
0.636
0.636
0.636
0.367
0.367
0.367
0.362
0.362
0.362
0.389
0.389
0.389
0.389
0.311
0.311
0.46
0.46
0.46
0.46
0.464
0.464
0.464
0.464
0.464
0.464
0.464
0.559
0.559
0.559
0.559
0.559
0.559
0.559
0.373
0.327
0.31
0.31
0.297
0.312
0.312
0.292
0.292
0.292
0.236
0.304
0.304
0.304
0.325
0.325
0.325
0.325
0.226
0.391
0.391
0.391
0.391
0.28
0.271
0.271
0.244
0.259
0.259
0.216
0.231
0.242
0.242
0.23
0.265
0.265
0.325
0.325
0.325
0.419
0.419
0.419
0.235
0.244
0.248
0.231
0.179
0.188
0.207
0.197
0.18
0.185
0.179
0.178
0.257
0.257
0.268
0.268
0.233
0.233
0.328
0.328
0.328
0.328
0.328
0.347
0.347
0.347
0.347
0.347
0.211
0.211
0.221
0.221
0.163
0.177
0.265
0.265
0.265
0.268
0.268
0.268
0.186
0.19
0.18
0.244
0.244
0.231
0.231
0.172
0.167
0.253
0.253
0.253
0.298
0.298
0.298
0.274
0.274
0.274
0.26
0.26
0.26
0.301
0.301
0.301
0.178
0.21
0.165
0.165
0.178
0.241
0.173
0.176
0.164
0.169
0.194
0.182
0.175
0.175
0.165
0.169
0.172
0.172
0.183
0.192
0.216
0.213
0.314
0.174
0.173
0.226
0.226
0.202
0.24
0.24
0.216
0.2
0.159
0.202
0.178
0.193
0.19
0.205
0.348
0.348
0.348
0.348
0.348
0.234
0.234
0.372
0.372
0.372
0.372
0.372
0.195
0.179
0.201
0.169
0.171
0.264
0.264
0.264
0.218
0.218
0.29
0.29
0.29
0.166
0.221
0.179
0.171
0.174
0.164
0.204
0.281
0.281
0.281
0.2
0.268
0.268
0.268
0.196
0.171
0.214
0.356
0.356
0.356
0.356
0.356
0.413
0.413
0.413
0.413
0.413
0.274
0.405
0.207
0.205
0.192
0.302
0.199
0.261
0.261
0.261
0.272
0.272
0.272
0.3
0.3
0.3
0.3
0.392
0.392
0.392
0.392
0.284
0.284
0.284
0.288
0.288
0.288
0.192
0.177
0.667
0.667
0.667
0.667
0.667
0.667
0.667
0.667
0.667
0.667
0.667
0.667
0.667
0.204
0.742
0.742
0.742
0.742
0.742
0.742
0.742
0.742
0.742
0.742
0.742
0.742
0.742
0.273
0.273
0.273
0.27
0.27
0.27
0.204
0.18
0.403
0.403
0.403
0.403
0.403
0.403
0.445
0.445
0.445
0.445
0.445
0.445
0.38
0.38
0.38
0.333
0.333
0.333
0.292
0.292
0.292
0.411
0.411
0.411
0.411
0.411
0.411
0.411
0.292
0.292
0.292
0.453
0.453
0.453
0.453
0.453
0.453
0.453
0.425
0.425
0.425
0.425
0.425
0.425
0.425
0.211
0.482
0.482
0.482
0.482
0.482
0.482
0.482
0.572
0.572
0.572
0.572
0.572
0.572
0.572
0.572
0.572
0.572
0.262
0.262
4.342
4.342
4.342
4.342
4.342
4.342
4.342
4.342
4.342
4.342
0.447
0.447
2.913
0.226
0.226
0.335
0.335
0.335
0.335
0.335
0.272
0.354
0.354
0.354
0.354
0.354
0.461
0.461
0.461
0.461
0.461
0.461
0.461
0.461
0.264
0.509
0.509
0.509
0.509
0.509
0.509
0.509
0.509
0.284
0.284
0.284
0.293
0.293
0.293
0.31
0.31
0.31
0.31
0.188
0.333
0.333
0.333
0.333
0.297
0.297
0.297
0.297
0.357
0.357
0.357
0.357
0.244
0.244
0.242
0.242
0.286
0.286
0.286
0.23
0.23
0.328
0.328
0.328
0.184
0.216
0.222
0.222
0.204
0.204
0.2
0.271
0.21
0.191
0.224
0.224
0.325
0.325
0.171
0.166
0.23
0.191
0.168
0.319
0.319
0.319
0.319
0.319
0.229
0.229
0.351
0.351
0.351
0.351
0.351
0.188
0.177
0.328
0.328
0.328
0.328
0.328
0.238
0.238
0.335
0.335
0.335
0.335
0.335
0.559
0.559
0.559
0.559
0.559
0.559
0.559
0.559
0.559
0.559
0.559
0.303
0.303
0.601
0.601
0.601
0.601
0.601
0.601
0.601
0.601
0.601
0.601
0.601
0.203
0.203
0.267
0.267
0.267
0.197
0.197
0.474
0.474
0.474
0.474
0.474
0.474
0.474
0.474
0.474
0.208
0.208
0.541
0.541
0.541
0.541
0.541
0.541
0.541
0.541
0.541
0.331
0.331
0.331
0.331
0.434
0.434
0.434
0.434
0.384
0.384
0.384
0.384
0.313
0.313
0.313
0.313
0.231
0.231
0.289
0.289
0.289
0.289
0.174
0.167
0.208
0.208
0.254
0.254
0.254
0.23
0.23
0.492
0.492
0.492
0.492
0.492
0.492
0.492
0.492
0.492
0.305
0.305
0.305
0.305
0.527
0.527
0.527
0.527
0.527
0.527
0.527
0.527
0.527
0.17
0.149
0.19
0.177
0.35
0.35
0.35
0.35
0.35
0.35
0.177
0.379
0.379
0.379
0.379
0.379
0.379
0.478
0.478
0.478
0.478
0.478
0.478
0.478
0.478
0.478
0.261
0.261
0.261
0.541
0.541
0.541
0.541
0.541
0.541
0.541
0.541
0.541
0.463
0.463
0.463
0.463
0.463
0.463
0.463
0.463
0.463
0.237
0.237
0.53
0.53
0.53
0.53
0.53
0.53
0.53
0.53
0.53
0.392
0.392
0.392
0.392
0.392
0.392
0.392
0.239
0.478
0.478
0.478
0.478
0.478
0.478
0.478
0.255
0.255
0.255
0.267
0.267
0.267
0.366
0.366
0.366
0.366
0.209
0.209
0.303
0.303
0.303
0.303
0.402
0.402
0.402
0.402
0.402
0.402
0.402
0.315
0.315
0.315
0.315
0.412
0.412
0.412
0.412
0.412
0.412
0.412
0.478
0.478
0.478
0.478
0.478
0.478
0.182
0.517
0.517
0.517
0.517
0.517
0.517
0.189
0.195
0.202
0.398
0.398
0.398
0.398
0.398
0.398
0.441
0.441
0.441
0.404
0.404
0.404
0.404
0.404
0.404
0.257
0.257
0.257
0.193
0.331
0.331
0.331
0.412
0.412
0.412
0.412
0.412
0.412
0.412
0.313
0.313
0.313
0.313
0.445
0.445
0.445
0.445
0.445
0.445
0.445
0.313
0.313
0.308
0.308
0.248
0.248
0.284
0.284
0.284
0.284
0.315
0.315
0.315
0.315
0.29
0.29
0.29
0.29
0.193
0.32
0.32
0.32
0.32
0.28
0.28
0.28
0.28
0.216
0.353
0.353
0.353
0.353
0.315
0.315
0.315
0.315
0.326
0.326
0.326
0.326
0.379
0.379
0.379
0.379
0.379
0.232
0.366
0.366
0.366
0.366
0.366
0.217
0.217
0.298
0.298
0.298
0.242
0.242
0.184
0.195
0.339
0.339
0.339
0.339
0.339
0.289
0.289
0.384
0.384
0.384
0.384
0.384
0.24
0.24
0.236
0.236
0.241
0.241
0.177
0.21
0.186
0.193
0.17
0.167
0.169
0.182
0.219
0.219
0.312
0.312
0.231
0.231
0.185
0.223
0.223
0.217
0.21
0.24
0.242
0.236
0.227
0.27
0.22
0.215
0.214
0.275
0.275
0.275
0.29
0.29
0.29
0.241
0.216
0.262
0.262
0.262
0.238
0.238
0.302
0.302
0.302
0.276
0.276
0.276
0.202
0.275
0.275
0.275
0.176
0.191
0.386
0.386
0.386
0.386
0.386
0.386
0.246
0.246
0.403
0.403
0.403
0.403
0.403
0.403
0.225
0.225
0.323
0.323
0.337
0.337
0.229
0.229
0.215
0.215
0.219
0.217
0.311
0.311
0.311
0.311
0.255
0.302
0.302
0.302
0.302
0.211
0.211
0.223
0.222
0.222
0.26
0.26
0.26
0.28
0.28
0.28
0.272
0.272
0.272
0.183
0.702
0.18
0.244
0.205
0.178
0.181
0.313
0.313
0.313
0.313
0.424
0.424
0.424
0.424
0.333
0.333
0.232
0.294
0.294
0.238
0.289
0.289
0.27
0.26
0.26
0.277
0.277
0.531
0.531
0.222
0.31
0.434
0.434
0.434
0.434
0.434
0.434
0.298
0.425
0.425
0.425
0.425
0.425
0.425
0.45
0.45
0.45
0.45
0.45
0.45
0.45
0.311
0.311
0.311
0.485
0.485
0.485
0.485
0.485
0.485
0.485
0.508
0.508
0.508
0.508
0.508
0.508
0.508
0.508
0.508
0.435
0.435
0.435
0.435
0.435
0.579
0.579
0.579
0.579
0.579
0.579
0.579
0.579
0.579
0.42
0.42
0.42
0.42
0.42
0.42
0.475
0.475
0.475
0.475
0.475
0.475
0.475
0.423
0.423
0.423
0.423
0.423
0.423
0.513
0.513
0.513
0.513
0.513
0.513
0.513
0.513
0.513
0.337
0.337
0.337
0.337
0.552
0.552
0.552
0.552
0.552
0.552
0.552
0.552
0.552
0.348
0.236
0.478
0.478
0.478
0.478
0.478
0.478
0.478
0.29
0.29
0.29
0.456
0.456
0.456
0.456
0.456
0.456
0.456
0.433
0.433
0.433
0.433
0.433
0.433
0.433
0.351
0.351
0.351
0.351
0.754
0.754
0.754
0.754
0.754
0.754
0.754
0.217
0.197
0.471
0.471
0.471
0.471
0.471
0.471
0.471
0.471
0.287
0.287
0.525
0.525
0.525
0.525
0.525
0.525
0.525
0.525
0.269
0.269
0.269
0.286
0.286
0.286
0.373
0.373
0.373
0.373
0.373
0.248
0.548
0.548
0.548
0.548
0.548
0.513
0.513
0.513
0.513
0.513
0.513
0.446
0.446
0.446
0.446
0.446
0.446
0.484
0.484
0.484
0.484
0.484
0.421
0.421
0.421
0.393
0.393
0.393
0.393
0.393
0.445
0.445
0.445
0.445
0.445
0.445
0.315
0.315
0.49
0.49
0.49
0.49
0.49
0.49
0.402
0.402
0.402
0.402
0.294
0.294
0.381
0.381
0.381
0.381
0.353
0.353
0.353
0.316
0.316
0.316
0.332
0.332
0.332
0.306
0.306
0.306
0.359
0.359
0.359
0.269
0.269
0.38
0.38
0.38
0.38
0.303
0.303
0.377
0.377
0.377
0.377
0.377
0.53
0.53
0.53
0.53
0.53
0.342
0.342
0.342
0.342
0.222
0.381
0.381
0.381
0.381
0.261
0.261
0.275
0.275
0.24
0.212
0.192
0.184
0.218
0.264
0.264
0.399
0.399
0.227
0.227
0.201
0.232
0.231
0.317
0.317
0.317
0.325
0.325
0.325
0.266
0.266
0.32
0.32
0.27
0.242
0.269
0.269
0.207
0.263
0.263
0.298
0.298
0.298
0.202
0.293
0.293
0.293
0.211
0.32
0.282
0.282
0.22
0.269
0.269
0.225
0.246
0.265
0.265
0.265
0.205
0.288
0.288
0.288
0.36
0.36
0.36
0.36
0.368
0.368
0.368
0.368
0.275
0.275
0.275
0.204
0.29
0.29
0.29
0.291
0.291
0.291
8.068
8.068
8.068
0.183
0.193
0.29
0.29
0.29
0.29
0.281
0.281
0.281
0.306
0.306
0.306
0.306
0.456
0.456
0.456
0.456
0.456
0.456
0.456
0.456
0.366
0.366
0.366
0.366
0.482
0.482
0.482
0.482
0.482
0.482
0.482
0.482
0.183
0.203
0.589
0.589
0.589
0.589
0.589
0.589
0.589
0.589
0.589
0.589
0.589
0.589
0.213
0.213
0.644
0.644
0.644
0.644
0.644
0.644
0.644
0.644
0.644
0.644
0.644
0.644
0.686
0.686
0.686
0.686
0.686
0.686
0.686
0.686
0.686
0.686
0.686
0.686
0.686
0.686
0.242
0.242
0.242
0.746
0.746
0.746
0.746
0.746
0.746
0.746
0.746
0.746
0.746
0.746
0.746
0.746
0.746
0.6
0.6
0.6
0.6
0.6
0.6
0.6
0.6
0.6
0.277
0.277
0.277
0.529
0.529
0.529
0.529
0.529
0.529
0.529
0.529
0.529
0.603
0.603
0.603
0.603
0.603
0.603
0.603
0.603
0.603
0.603
0.603
0.603
0.273
0.273
0.667
0.667
0.667
0.667
0.667
0.667
0.667
0.667
0.667
0.667
0.667
0.667
0.492
0.492
0.492
0.492
0.492
0.492
0.492
0.492
0.313
0.313
0.313
0.313
0.475
0.475
0.475
0.475
0.475
0.475
0.475
0.475
0.499
0.499
0.499
0.499
0.499
0.499
0.499
0.499
0.499
0.243
0.243
0.535
0.535
0.535
0.535
0.535
0.535
0.535
0.535
0.535
0.294
0.294
0.294
0.294
0.326
0.326
0.326
0.326
0.321
0.321
0.321
0.321
0.321
0.26
0.26
0.26
0.379
0.379
0.379
0.379
0.379
0.352
0.352
0.352
0.352
0.352
0.352
0.279
0.279
0.279
0.387
0.387
0.387
0.387
0.387
0.387
0.437
0.437
0.437
0.437
0.437
0.437
0.437
0.437
0.238
0.238
0.546
0.546
0.546
0.546
0.546
0.546
0.546
0.546
0.733
0.733
0.733
0.733
0.733
0.733
0.733
0.733
0.733
0.733
0.733
0.733
0.288
0.288
0.288
0.673
0.673
0.673
0.673
0.673
0.673
0.673
0.673
0.673
0.673
0.673
0.673
0.57
0.57
0.57
0.57
0.57
0.57
0.57
0.57
0.57
0.57
0.57
0.57
0.159
0.656
0.656
0.656
0.656
0.656
0.656
0.656
0.656
0.656
0.656
0.656
0.656
0.344
0.344
0.344
0.344
0.344
0.344
0.293
0.293
0.293
0.293
0.431
0.431
0.431
0.431
0.431
0.431
0.75
0.75
0.75
0.75
0.75
0.75
0.75
0.75
0.75
0.75
0.75
0.75
0.75
0.75
0.75
0.75
0.298
0.298
0.298
0.298
0.92
0.92
0.92
0.92
0.92
0.92
0.92
0.92
0.92
0.92
0.92
0.92
0.92
0.92
0.92
0.92
0.29
0.29
0.29
0.29
0.259
0.259
0.259
0.302
0.302
0.302
0.302
0.471
0.471
0.471
0.471
0.471
0.471
0.471
0.471
0.471
0.291
0.291
0.291
0.504
0.504
0.504
0.504
0.504
0.504
0.504
0.504
0.504
0.224
0.224
0.224
0.196
0.196
0.259
0.259
0.259
0.23
0.23
0.23
0.201
0.201
0.285
0.285
0.285
0.227
0.227
0.163
0.206
0.206
0.207
0.207
0.179
0.179
0.333
0.333
0.333
0.333
0.333
0.168
0.333
0.333
0.333
0.333
0.333
0.148
0.169
0.156
0.486
0.486
0.486
0.486
0.486
0.486
0.486
0.486
0.486
0.266
0.266
0.266
0.534
0.534
0.534
0.534
0.534
0.534
0.534
0.534
0.534
0.825
0.825
0.825
0.825
0.825
0.825
0.825
0.223
0.524
0.524
0.524
0.524
0.524
0.524
0.524
0.18
0.169
0.16
0.175
0.218
0.214
0.178
0.185
0.173
0.237
0.191
0.175
0.186
0.4
0.4
0.4
0.4
0.4
0.4
0.25
0.25
0.25
0.386
0.386
0.386
0.386
0.386
0.386
0.169
0.195
0.188
0.437
0.437
0.437
0.437
0.437
0.437
0.437
0.195
0.454
0.454
0.454
0.454
0.454
0.454
0.454
0.173
0.276
0.276
0.276
0.171
0.246
0.246
0.246
0.248
0.248
0.248
0.317
0.317
0.317
0.317
0.194
0.321
0.321
0.321
0.321
0.232
0.232
0.204
0.204
0.209
0.186
0.231
0.231
0.231
0.215
0.215
0.271
0.271
0.271
0.375
0.375
0.375
0.375
0.375
0.375
0.257
0.257
0.257
0.385
0.385
0.385
0.385
0.385
0.385
0.419
0.419
0.419
0.419
0.419
0.419
0.288
0.288
0.288
0.488
0.488
0.488
0.488
0.488
0.488
0.49
0.49
0.49
0.49
0.49
0.49
0.49
0.49
0.322
0.322
0.322
0.563
0.563
0.563
0.563
0.563
0.563
0.563
0.563
0.382
0.382
0.382
0.382
0.382
0.458
0.458
0.458
0.458
0.378
0.378
0.378
0.378
0.378
0.3
0.3
0.3
0.3
0.293
0.293
0.293
0.429
0.429
0.429
0.429
0.356
0.356
0.356
0.214
0.214
0.274
0.274
0.274
0.18
0.255
0.255
0.157
0.157
0.157
0.176
0.228
0.228
0.249
0.249
0.322
0.322
0.322
0.322
0.322
0.359
0.359
0.359
0.359
0.359
0.266
0.266
0.229
0.229
0.248
0.248
0.33
0.33
0.33
0.33
0.284
0.284
0.284
0.288
0.288
0.288
0.288
0.247
0.247
0.247
0.162
0.242
0.242
0.242
0.38
0.38
0.38
0.38
0.38
0.38
0.186
0.455
0.455
0.455
0.455
0.455
0.455
0.234
0.234
0.235
0.235
0.302
0.302
0.302
0.302
0.22
0.347
0.347
0.347
0.347
0.372
0.372
0.372
0.372
0.372
0.418
0.418
0.418
0.385
0.385
0.385
0.385
0.385
0.546
0.546
0.546
0.546
0.546
0.546
0.546
0.546
0.546
0.293
0.293
0.293
0.61
0.61
0.61
0.61
0.61
0.61
0.61
0.61
0.61
0.418
0.418
0.418
0.418
0.418
0.418
0.418
0.252
0.252
0.252
0.443
0.443
0.443
0.443
0.443
0.443
0.443
0.191
0.461
0.461
0.461
0.461
0.461
0.461
0.461
0.461
0.226
0.517
0.517
0.517
0.517
0.517
0.517
0.517
0.517
0.317
0.317
0.317
0.317
0.317
0.281
0.281
0.281
0.398
0.398
0.398
0.398
0.398
0.202
0.497
0.497
0.497
0.497
0.497
0.497
0.497
0.497
0.497
0.571
0.571
0.571
0.571
0.571
0.864
0.864
0.864
0.864
0.864
0.864
0.864
0.864
0.864
1.252
1.252
1.252
1.252
1.252
1.252
1.252
1.252
1.252
1.252
1.252
0.475
0.475
0.475
0.843
0.843
0.843
0.843
0.843
0.843
0.843
0.843
0.843
0.843
0.843
0.781
0.781
0.781
0.781
0.781
0.781
0.781
0.781
0.781
0.788
0.788
0.788
0.788
0.788
0.788
0.788
0.788
0.788
0.672
0.672
0.672
0.672
0.672
0.672
0.672
0.672
0.672
0.672
0.672
3.942
3.942
3.942
0.751
0.751
0.751
0.751
0.751
0.751
0.751
0.751
0.751
0.751
0.751
0.609
0.609
0.609
0.609
0.609
0.609
0.609
0.609
0.318
0.318
0.318
0.512
0.512
0.512
0.512
0.512
0.512
0.512
0.512
0.464
0.464
0.464
0.464
0.464
0.464
0.464
0.464
0.516
0.516
0.516
0.516
0.516
0.516
0.516
0.516
0.536
0.536
0.536
0.536
0.536
0.536
0.536
0.536
0.536
0.536
0.595
0.595
0.595
0.595
0.595
0.595
0.595
0.595
0.595
0.595
0.301
0.301
0.301
0.299
0.299
0.299
0.493
0.493
0.493
0.493
0.493
0.493
0.493
0.266
0.266
0.513
0.513
0.513
0.513
0.513
0.513
0.513
0.233
0.194
0.19
0.221
0.221
0.221
0.24
0.292
0.292
0.292
0.207
0.159
0.193
0.212
0.29
0.29
0.29
0.216
0.293
0.293
0.293
0.194
0.158
0.318
0.318
0.318
0.317
0.317
0.317
0.317
0.317
0.38
0.38
0.38
0.235
0.235
0.407
0.407
0.407
0.407
0.407
0.407
0.407
0.258
0.258
0.258
0.452
0.452
0.452
0.452
0.452
0.452
0.452
0.538
0.538
0.538
0.538
0.538
0.538
0.538
0.538
0.538
0.538
0.538
0.187
0.61
0.61
0.61
0.61
0.61
0.61
0.61
0.61
0.61
0.61
0.61
0.358
0.358
0.358
0.358
0.358
0.358
0.243
0.243
0.444
0.444
0.444
0.444
0.444
0.444
0.598
0.598
0.598
0.598
0.598
0.598
0.598
0.598
0.598
0.598
0.598
0.598
0.325
0.325
0.325
0.325
0.325
0.658
0.658
0.658
0.658
0.658
0.658
0.658
0.658
0.658
0.658
0.658
0.658
0.439
0.439
0.439
0.439
0.439
0.439
0.439
0.439
0.333
0.333
0.472
0.472
0.472
0.472
0.472
0.472
0.472
0.472
0.66
0.66
0.66
0.66
0.66
0.66
0.66
0.66
0.66
0.66
0.66
0.66
0.492
0.492
0.492
0.492
0.492
0.492
0.492
0.492
0.725
0.725
0.725
0.725
0.725
0.725
0.725
0.725
0.725
0.725
0.725
0.725
0.382
0.382
0.382
0.382
0.382
0.366
0.366
0.366
0.366
0.366
0.422
0.422
0.422
0.422
0.422
0.376
0.376
0.376
0.376
0.418
0.418
0.418
0.418
0.418
0.344
0.344
0.344
0.344
0.344
0.382
0.382
0.382
0.382
0.382
0.513
0.513
0.513
0.513
0.513
0.513
0.513
0.513
0.443
0.443
0.443
0.443
0.443
0.443
0.514
0.514
0.514
0.514
0.514
0.514
0.514
0.514
0.484
0.484
0.484
0.387
0.387
0.387
0.301
0.301
0.301
0.296
0.296
0.296
0.335
0.335
0.335
0.335
0.335
0.375
0.375
0.385
0.385
0.385
0.385
0.385
0.488
0.488
0.488
0.488
0.375
0.375
3.122
3.122
3.122
3.122
0.508
0.508
0.508
0.508
0.508
0.442
0.442
0.442
0.442
0.442
0.328
0.328
0.328
0.32
0.32
0.32
0.324
0.324
0.324
0.244
0.244
0.278
0.278
0.209
0.215
0.201
0.212
0.368
0.368
0.368
0.368
0.368
0.268
0.268
0.375
0.375
0.375
0.375
0.375
0.382
0.382
0.382
0.382
0.382
0.382
0.437
0.437
0.437
0.437
0.437
0.437
0.253
0.253
0.28
0.28
0.333
0.333
0.333
0.333
0.351
0.351
0.351
0.351
0.366
0.366
0.366
0.366
0.366
0.273
0.273
0.403
0.403
0.403
0.403
0.403
0.399
0.399
0.399
0.399
0.399
0.399
0.218
0.425
0.425
0.425
0.425
0.425
0.425
0.226
0.201
0.193
0.28
0.262
0.245
0.359
0.359
0.359
0.359
0.359
0.401
0.401
0.401
0.401
0.401
0.241
0.322
0.322
0.322
0.224
0.562
0.562
0.562
0.562
0.562
0.562
0.562
0.562
0.562
0.254
0.593
0.593
0.593
0.593
0.593
0.593
0.593
0.593
0.593
0.559
0.559
0.559
0.559
0.559
0.559
0.559
0.559
0.559
0.341
0.341
0.341
0.592
0.592
0.592
0.592
0.592
0.592
0.592
0.592
0.592
0.37
0.37
0.37
0.307
0.385
0.385
0.385
0.368
0.368
0.368
0.368
0.368
0.301
0.301
0.428
0.428
0.428
0.428
0.428
0.373
0.373
0.373
0.373
0.324
0.324
0.369
0.369
0.369
0.369
0.359
0.359
0.359
0.359
0.359
0.402
0.402
0.402
0.402
0.402
0.595
0.595
0.595
0.595
0.595
0.595
0.595
0.595
0.595
0.263
0.623
0.623
0.623
0.623
0.623
0.623
0.623
0.623
0.623
0.426
0.426
0.426
0.426
0.426
0.401
0.401
0.401
0.401
0.401
0.481
0.481
0.481
0.481
0.481
0.481
0.481
0.481
0.219
0.524
0.524
0.524
0.524
0.524
0.524
0.524
0.524
0.201
0.212
0.401
0.401
0.401
0.401
0.401
0.248
0.248
0.376
0.376
0.376
0.376
0.376
0.459
0.459
0.459
0.459
0.459
0.459
0.459
0.227
0.457
0.457
0.457
0.457
0.457
0.457
0.457
0.442
0.442
0.442
0.442
0.442
0.442
0.26
0.26
0.42
0.42
0.42
0.42
0.42
0.42
0.342
0.342
0.342
0.342
0.342
0.192
0.361
0.361
0.361
0.361
0.361
0.322
0.322
0.322
0.322
0.322
0.291
0.291
0.291
0.418
0.418
0.418
0.418
0.418
0.665
0.665
0.665
0.665
0.665
0.665
0.665
0.665
0.665
0.665
0.665
0.665
0.665
0.211
0.716
0.716
0.716
0.716
0.716
0.716
0.716
0.716
0.716
0.716
0.716
0.716
0.716
0.168
0.53
0.53
0.53
0.53
0.53
0.53
0.53
0.53
0.53
0.53
0.289
0.289
0.289
0.578
0.578
0.578
0.578
0.578
0.578
0.578
0.578
0.578
0.578
0.564
0.564
0.564
0.564
0.564
0.564
0.564
0.564
0.564
0.564
0.564
0.196
0.61
0.61
0.61
0.61
0.61
0.61
0.61
0.61
0.61
0.61
0.61
0.222
0.505
0.505
0.505
0.505
0.505
0.505
0.505
0.505
0.505
0.225
0.225
0.527
0.527
0.527
0.527
0.527
0.527
0.527
0.527
0.527
0.31
0.31
0.31
0.31
0.354
0.354
0.354
0.354
0.3
0.3
0.3
0.3
0.762
0.762
0.762
0.762
0.762
0.762
0.762
0.762
0.762
0.762
0.762
0.762
0.762
0.762
0.762
0.259
0.259
0.259
0.813
0.813
0.813
0.813
0.813
0.813
0.813
0.813
0.813
0.813
0.813
0.813
0.813
0.813
0.813
0.378
0.378
0.378
0.378
0.378
0.336
0.336
0.336
0.336
0.361
0.361
0.361
0.361
0.361
0.493
0.493
0.493
0.493
0.493
0.493
0.493
0.493
0.493
0.207
0.526
0.526
0.526
0.526
0.526
0.526
0.526
0.526
0.526
0.416
0.416
0.416
0.416
0.416
0.416
0.384
0.384
0.384
0.384
0.384
0.449
0.449
0.449
0.449
0.449
0.449
0.597
0.597
0.597
0.597
0.597
0.597
0.597
0.597
0.597
0.597
0.597
0.243
0.243
0.655
0.655
0.655
0.655
0.655
0.655
0.655
0.655
0.655
0.655
0.655
0.424
0.424
0.424
0.424
0.246
0.246
0.355
0.355
0.355
0.355
0.437
0.437
0.437
0.437
0.437
0.437
0.437
0.437
0.475
0.475
0.475
0.475
0.475
0.475
0.475
0.475
0.212
0.175
0.686
0.686
0.686
0.686
0.686
0.686
0.686
0.686
0.686
0.258
0.258
0.548
0.548
0.548
0.548
0.548
0.548
0.548
0.548
0.548
0.317
0.317
0.317
0.317
0.317
0.26
0.26
0.456
0.456
0.456
0.456
0.456
0.413
0.413
0.413
0.413
0.413
0.413
0.413
0.189
0.458
0.458
0.458
0.458
0.458
0.458
0.458
0.245
0.245
0.245
0.279
0.279
0.279
0.168
0.166
0.23
0.23
0.231
0.231
2.195
2.195
0.173
0.29
0.29
0.164
0.191
0.368
0.368
0.368
0.368
0.368
0.232
0.232
0.339
0.339
0.339
0.339
0.339
0.233
0.233
0.228
0.228
0.173
0.258
0.258
0.211
0.498
0.498
0.498
0.498
0.498
0.498
0.498
0.498
0.498
0.34
0.34
0.34
0.34
0.54
0.54
0.54
0.54
0.54
0.54
0.54
0.54
0.54
4.214
1.485
0.518
0.518
0.518
0.518
0.518
0.518
0.518
0.518
0.336
0.336
0.336
0.336
0.516
0.516
0.516
0.516
0.516
0.516
0.516
0.516
0.392
0.392
0.392
0.392
0.392
0.392
0.21
0.455
0.455
0.455
0.455
0.455
0.455
0.392
0.392
0.392
0.392
0.392
0.392
0.405
0.405
0.405
0.405
0.405
0.405
0.243
0.212
0.362
0.362
0.362
0.362
0.362
0.318
0.318
0.401
0.401
0.401
0.401
0.401
0.424
0.424
0.424
0.424
0.424
0.424
0.424
0.46
0.46
0.46
0.46
0.46
0.46
0.46
0.561
0.561
0.561
0.561
0.561
0.561
0.561
0.561
0.561
0.561
0.561
0.355
0.355
0.355
0.355
0.355
0.621
0.621
0.621
0.621
0.621
0.621
0.621
0.621
0.621
0.621
0.621
0.17
0.206
0.798
0.798
0.798
0.798
0.798
0.798
0.798
0.798
0.798
0.798
0.798
0.798
0.798
0.199
0.7
0.7
0.7
0.7
0.7
0.7
0.7
0.7
0.7
0.7
0.7
0.7
0.7
0.263
0.263
0.263
0.216
0.289
0.289
0.289
0.199
0.557
0.557
0.557
0.557
0.557
0.557
0.557
0.557
0.557
0.277
0.277
0.564
0.564
0.564
0.564
0.564
0.564
0.564
0.564
0.564
0.227
0.227
0.158
0.279
0.279
0.186
0.399
0.399
0.399
0.399
0.399
0.399
0.175
0.397
0.397
0.397
0.397
0.397
0.397
0.451
0.451
0.451
0.451
0.451
0.451
0.451
0.31
0.31
0.31
0.31
0.449
0.449
0.449
0.449
0.449
0.449
0.449
0.189
0.17
0.692
0.692
0.692
0.692
0.692
0.692
0.692
0.692
0.692
0.692
0.692
0.692
0.692
0.692
0.282
0.282
0.282
0.757
0.757
0.757
0.757
0.757
0.757
0.757
0.757
0.757
0.757
0.757
0.757
0.757
0.757
0.365
0.365
0.365
0.365
0.365
0.365
0.208
0.208
0.401
0.401
0.401
0.401
0.401
0.401
0.432
0.432
0.432
0.432
0.432
0.432
0.432
0.432
0.397
0.397
0.397
0.397
0.397
0.731
0.731
0.731
0.731
0.731
0.731
0.731
0.731
0.297
0.297
0.297
0.297
0.18
0.284
0.284
0.284
0.284
0.18
0.166
0.238
0.238
0.238
0.211
0.211
0.303
0.303
0.303
0.288
0.288
0.288
0.288
0.264
0.264
0.264
0.288
0.288
0.288
0.288
0.229
0.229
0.229
0.225
0.225
0.238
0.238
0.238
0.417
0.417
0.417
0.417
0.417
0.417
0.417
0.207
0.207
0.499
0.499
0.499
0.499
0.499
0.499
0.499
0.31
0.31
0.31
0.269
0.269
0.269
0.325
0.325
0.325
0.325
0.325
0.232
0.351
0.351
0.351
0.351
0.351
0.44
0.44
0.44
0.44
0.44
0.44
0.44
0.44
0.202
0.473
0.473
0.473
0.473
0.473
0.473
0.473
0.473
0.287
0.287
0.287
0.287
0.249
0.249
0.314
0.314
0.314
0.314
0.473
0.473
0.473
0.473
0.473
0.473
0.473
0.473
0.473
0.157
0.524
0.524
0.524
0.524
0.524
0.524
0.524
0.524
0.524
0.414
0.414
0.414
0.414
0.414
0.414
0.372
0.372
0.372
0.372
0.372
0.402
0.402
0.402
0.402
0.402
0.402
0.4
0.4
0.4
0.4
0.4
0.4
0.4
0.285
0.285
0.285
0.425
0.425
0.425
0.425
0.425
0.425
0.425
0.446
0.446
0.446
0.446
0.446
0.446
0.277
0.277
0.277
0.402
0.402
0.402
0.402
0.402
0.402
0.447
0.447
0.447
0.447
0.447
0.447
0.447
0.447
0.211
0.513
0.513
0.513
0.513
0.513
0.513
0.513
0.513
0.449
0.449
0.449
0.449
0.449
0.449
0.449
0.449
0.315
0.315
0.315
0.545
0.545
0.545
0.545
0.545
0.545
0.545
0.545
0.479
0.479
0.479
0.479
0.479
0.479
0.479
0.479
0.227
0.227
0.502
0.502
0.502
0.502
0.502
0.502
0.502
0.502
0.356
0.356
0.356
0.356
0.356
0.356
0.168
0.428
0.428
0.428
0.428
0.428
0.428
0.408
0.408
0.408
0.408
0.408
0.408
0.408
0.175
0.434
0.434
0.434
0.434
0.434
0.434
0.434
0.433
0.433
0.433
0.433
0.433
0.433
0.262
0.262
0.44
0.44
0.44
0.44
0.44
0.44
0.295
0.295
0.295
0.295
0.194
0.312
0.312
0.312
0.312
0.309
0.309
0.309
0.309
0.337
0.337
0.337
0.337
0.312
0.312
0.312
0.273
0.273
0.273
0.28
0.28
0.28
0.379
0.379
0.379
0.379
0.379
0.379
0.182
0.411
0.411
0.411
0.411
0.411
0.411
0.433
0.433
0.433
0.433
0.433
0.433
0.433
0.433
0.179
0.473
0.473
0.473
0.473
0.473
0.473
0.473
0.473
0.199
0.23
0.23
0.295
0.295
0.295
0.243
0.243
0.241
0.241
0.199
0.199
0.24
0.267
0.267
0.267
0.267
0.217
0.217
0.281
0.281
0.281
0.281
0.278
0.278
0.278
0.278
0.36
0.36
0.36
0.36
0.329
0.329
0.329
0.329
0.329
0.169
0.421
0.421
0.421
0.421
0.421
0.211
0.211
0.201
0.238
0.238
0.308
0.308
0.308
0.308
0.311
0.311
0.311
0.311
0.222
0.222
0.248
0.248
0.462
0.462
0.462
0.462
0.462
0.462
0.462
0.462
0.164
0.478
0.478
0.478
0.478
0.478
0.478
0.478
0.478
0.324
0.324
0.324
0.324
0.338
0.338
0.338
0.338
0.249
0.249
0.18
0.217
0.217
0.21
0.215
0.225
6.604
0.188
0.168
0.194
0.318
0.318
0.318
0.318
0.305
0.305
0.305
0.305
0.186
0.162
0.237
0.237
0.237
0.213
0.213
0.253
0.253
0.253
0.175
0.166
0.153
0.17
0.38
0.38
0.38
0.38
0.38
0.38
0.397
0.397
0.397
0.397
0.397
0.397
0.421
0.421
0.421
0.421
0.421
0.421
0.421
0.252
0.252
0.473
0.473
0.473
0.473
0.473
0.473
0.473
0.305
0.305
0.305
0.305
0.329
0.329
0.329
0.329
0.343
0.343
0.343
0.343
0.343
0.345
0.345
0.345
0.345
0.364
0.364
0.364
0.364
0.364
0.404
0.404
0.404
0.404
0.404
0.404
0.404
0.437
0.437
0.437
0.437
0.437
0.437
0.437
0.351
0.351
0.351
0.351
0.351
0.27
0.27
0.27
0.351
0.351
0.351
0.351
0.351
0.165
0.164
0.488
0.488
0.488
0.488
0.488
0.488
0.488
0.488
0.488
0.392
0.392
0.392
0.392
0.392
0.392
0.518
0.518
0.518
0.518
0.518
0.518
0.518
0.518
0.518
0.171
0.174
0.368
0.368
0.368
0.368
0.368
0.375
0.375
0.375
0.375
0.375
0.221
0.221
0.175
0.243
0.243
0.292
0.292
0.292
0.292
0.297
0.297
0.297
0.297
0.217
0.217
0.186
0.218
0.218
0.293
0.293
0.293
0.283
0.283
0.283
0.243
0.171
0.161
0.246
0.32
0.32
0.32
0.32
0.32
0.197
0.197
0.331
0.331
0.331
0.331
0.331
0.243
0.243
0.243
0.275
0.275
0.275
0.295
0.295
0.295
0.295
0.153
0.319
0.319
0.319
0.319
0.165
0.183
0.269
0.269
0.269
0.269
0.284
0.284
0.284
0.286
0.286
0.286
0.286
0.167
0.163
0.51
0.51
0.51
0.51
0.51
0.51
0.51
0.51
0.51
0.51
0.238
0.238
0.566
0.566
0.566
0.566
0.566
0.566
0.566
0.566
0.566
0.566
0.421
0.421
0.421
0.421
0.421
0.421
0.421
0.421
0.162
0.479
0.479
0.479
0.479
0.479
0.479
0.479
0.479
0.296
0.296
0.296
0.268
0.268
0.268
0.316
0.316
0.316
0.167
0.165
0.179
0.157
0.15
0.169
0.195
0.23
0.182
0.225
0.174
0.173
0.363
0.363
0.363
0.363
0.363
0.363
0.393
0.393
0.393
0.393
0.393
0.393
0.39
0.39
0.39
0.39
0.39
0.39
0.183
0.159
0.177
0.188
0.283
0.283
0.228
0.254
0.196
0.19
0.179
0.196
0.319
0.319
0.319
0.319
0.197
0.32
0.32
0.32
0.32
0.23
0.23
0.227
0.227
6.311
6.311
0.498
0.498
0.304
0.304
0.337
0.337
0.278
0.278
0.278
0.265
0.265
0.265
0.186
0.266
0.266
0.266
0.266
0.178
0.311
0.311
0.311
0.311
0.167
0.148
0.14
0.23
0.334
0.334
0.197
0.248
0.248
0.2
0.171
0.171
0.309
0.309
0.309
0.27
0.27
0.27
0.31
0.31
0.31
0.187
0.181
0.182
0.178
0.235
0.235
0.234
0.234
0.24
0.24
0.39
0.253
0.253
0.254
0.215
0.215
0.322
0.322
0.246
0.178
0.291
0.386
0.386
0.386
0.386
0.386
0.386
0.274
0.274
0.274
0.414
0.414
0.414
0.414
0.414
0.414
0.333
0.333
0.333
0.27
0.27
0.27
0.42
0.42
0.42
0.42
0.42
0.42
0.42
0.35
0.35
0.35
0.35
0.447
0.447
0.447
0.447
0.447
0.447
0.447
0.227
0.227
0.23
0.23
0.394
0.394
0.394
0.394
0.394
0.394
0.394
0.214
0.214
0.431
0.431
0.431
0.431
0.431
0.431
0.431
0.169
0.157
0.249
0.249
0.259
6.406
6.406
0.244
0.244
0.284
0.284
0.284
0.341
0.341
0.341
0.341
0.253
0.253
0.253
0.221
0.168
0.172
0.181
0.3
0.3
0.3
0.3
0.307
0.307
0.307
0.307
0.234
0.234
0.234
0.21
0.21
0.26
0.26
0.26
0.215
0.215
0.202
0.221
0.221
0.195
0.336
0.257
0.257
0.18
0.182
0.173
0.292
0.292
0.292
0.292
0.303
0.303
0.303
0.303
0.177
0.18
0.342
0.342
0.342
0.342
0.342
0.288
0.288
0.288
0.36
0.36
0.36
0.36
0.36
0.475
0.475
0.475
0.475
0.475
0.197
0.373
0.373
0.373
0.373
0.373
0.154
0.137
0.192
0.141
0.151
0.825
0.825
0.825
0.825
0.825
0.825
0.825
0.825
0.825
0.825
0.825
0.825
0.825
0.825
0.825
0.825
0.825
0.825
0.296
0.296
0.296
0.296
0.927
0.927
0.927
0.927
0.927
0.927
0.927
0.927
0.927
0.927
0.927
0.927
0.927
0.927
0.927
0.927
0.927
0.927
0.164
0.156
0.215
0.185
0.283
0.283
0.283
0.283
0.401
0.401
0.401
0.307
0.307
0.307
0.307
0.337
0.337
0.337
0.331
0.331
0.331
0.331
0.296
0.296
0.296
0.423
0.423
0.423
0.423
0.423
0.354
0.354
0.354
0.354
0.354
0.265
0.265
0.199
0.25
0.25
0.209
0.271
0.39
0.39
0.39
0.255
0.255
0.255
0.162
0.162
0.171
0.166
0.181
0.21
0.2
0.494
0.494
0.494
0.494
0.494
0.494
0.494
0.494
0.494
0.579
0.579
0.579
0.579
0.579
0.579
0.579
0.579
0.579
0.36
0.36
0.373
0.373
0.348
0.348
0.283
0.507
0.261
0.261
0.19
0.173
0.191
0.166
0.175
0.509
0.509
0.509
0.509
0.509
0.509
0.509
0.509
0.509
0.308
0.308
0.308
0.308
0.534
0.534
0.534
0.534
0.534
0.534
0.534
0.534
0.534
0.197
0.228
0.228
0.181
0.237
0.237
0.183
0.24
0.24
0.273
0.189
0.183
0.284
0.284
0.284
0.284
0.226
0.226
0.326
0.326
0.326
0.326
0.179
0.186
0.207
0.361
0.361
0.361
0.269
0.372
0.372
0.372
0.269
0.255
0.268
0.268
0.192
0.309
0.309
0.211
0.201
0.165
0.255
0.255
0.255
0.18
0.266
0.266
0.266
0.192
0.179
0.176
0.17
0.214
0.174
0.256
0.256
0.256
0.256
0.242
0.242
0.242
0.336
0.336
0.336
0.336
0.159
0.151
0.147
0.138
0.345
0.345
0.345
0.345
0.345
0.345
0.177
0.395
0.395
0.395
0.395
0.395
0.395
0.248
0.23
0.23
0.325
0.205
0.261
5.259
0.263
0.263
0.213
0.446
0.446
0.446
0.446
0.446
0.446
0.214
0.48
0.48
0.48
0.48
0.48
0.48
0.378
0.378
0.378
0.378
0.328
0.328
0.347
0.347
0.347
0.347
0.203
0.275
0.275
0.275
0.215
0.36
0.36
0.36
0.36
0.324
0.324
0.324
0.324
0.202
0.216
0.263
0.263
0.379
0.379
0.28
0.28
0.268
0.318
0.318
0.277
0.269
0.267
0.42
0.42
0.42
0.42
0.246
0.297
0.3
0.3
0.263
0.282
0.32
0.32
0.32
0.343
0.343
0.291
0.291
0.291
0.245
0.217
0.306
0.306
0.333
0.333
0.333
0.333
0.396
0.396
0.396
0.396
0.319
0.319
0.319
0.247
0.474
0.474
0.474
0.202
0.196
0.195
0.192
0.215
0.188
0.228
0.203
0.269
0.269
0.239
0.266
0.266
0.325
0.325
0.325
0.325
0.252
0.252
0.376
0.376
0.376
0.376
0.287
0.287
0.287
0.236
0.337
0.337
0.337
0.267
0.267
0.267
0.327
0.327
0.327
0.294
0.294
0.294
0.306
0.306
0.306
0.306
0.201
0.372
0.372
0.372
0.372
0.382
0.382
0.382
0.382
0.382
0.302
0.302
0.302
0.401
0.401
0.401
0.401
0.401
0.294
0.294
0.294
0.294
0.353
0.353
0.353
0.353
0.373
0.373
0.373
0.373
0.373
0.373
0.23
0.23
0.395
0.395
0.395
0.395
0.395
0.395
0.18
0.185
0.177
0.306
0.306
0.306
0.306
0.176
0.302
0.302
0.302
0.302
0.595
0.595
0.595
0.595
0.595
0.595
0.595
0.595
0.595
0.595
0.595
0.595
0.481
0.481
0.7
0.7
0.7
0.7
0.7
0.7
0.7
0.7
0.7
0.7
0.7
0.7
0.297
0.297
0.297
0.297
0.226
0.345
0.345
0.345
0.345
0.389
0.389
0.389
0.389
0.389
0.389
4.023
4.023
0.403
0.403
0.403
0.403
0.403
0.403
0.256
0.256
0.256
0.194
0.268
0.268
0.268
0.567
0.567
0.567
0.567
0.567
0.567
0.567
0.567
0.567
0.567
0.567
0.204
0.67
0.67
0.67
0.67
0.67
0.67
0.67
0.67
0.67
0.67
0.67
0.354
0.354
0.354
0.354
0.328
0.328
0.328
0.328
0.53
0.53
0.53
0.53
0.337
0.337
0.337
0.337
0.191
0.2
0.22
0.22
0.236
0.236
0.329
0.329
0.329
0.329
0.194
0.319
0.319
0.319
0.319
0.28
0.28
0.28
0.341
0.341
0.341
0.415
0.415
0.415
0.415
0.415
0.205
0.36
0.36
0.36
0.36
0.36
0.37
0.37
0.37
0.37
0.37
0.37
0.404
0.404
0.404
0.404
0.404
0.404
