0.41
0.41
0.41
0.41
0.41
0.49
0.49
0.49
0.49
0.49
0.408
0.408
0.408
0.408
0.273
0.273
0.368
0.368
0.368
0.368
0.249
0.244
0.362
0.362
0.362
0.225
0.421
0.421
0.421
0.21
0.183
0.295
0.295
0.216
0.258
0.258
0.312
0.312
0.221
0.386
0.386
0.294
0.294
0.294
0.371
0.321
0.321
0.321
0.314
0.314
0.314
0.314
0.257
0.257
0.339
0.339
0.339
0.339
0.191
0.192
0.283
0.283
0.283
0.283
0.354
0.407
0.407
0.407
0.407
0.334
0.334
2.704
0.293
0.293
0.475
0.475
0.475
0.475
0.475
0.475
0.451
0.451
0.451
0.451
0.451
0.625
0.625
0.625
0.625
0.625
0.625
0.651
0.651
0.651
0.651
0.651
0.651
0.651
0.651
0.651
0.651
0.651
0.301
0.301
0.706
0.706
0.706
0.706
0.706
0.706
0.706
0.706
0.706
0.706
0.706
0.312
0.276
0.276
0.244
0.416
0.416
0.416
0.416
0.416
0.416
0.434
0.434
0.434
0.434
0.434
0.434
0.389
0.389
0.389
0.389
0.259
0.406
0.406
0.406
0.406
5.447
0.243
0.397
0.397
0.397
0.397
0.397
0.467
0.467
0.467
0.467
0.467
0.431
0.431
0.504
0.352
0.352
0.37
0.37
0.336
0.336
0.235
0.267
0.326
0.27
0.622
0.622
0.622
0.622
0.622
0.622
0.512
0.512
0.512
0.484
0.484
0.484
0.484
0.484
0.484
0.343
0.343
0.343
0.344
0.344
0.344
0.32
0.321
0.241
0.236
0.225
0.234
0.322
0.264
0.264
0.295
0.321
0.321
0.357
0.357
0.357
0.345
0.345
0.345
0.398
0.398
0.398
0.274
0.381
0.381
0.381
0.281
0.281
0.398
0.398
0.374
0.374
0.374
0.226
0.53
0.53
0.53
0.238
0.257
0.293
0.242
0.393
0.393
0.276
0.276
0.407
0.407
0.407
0.407
0.217
0.377
0.377
0.377
0.377
0.322
0.322
0.322
0.262
0.368
0.368
0.368
0.271
0.288
0.326
0.326
0.326
0.238
0.329
0.329
0.329
0.469
0.469
0.469
0.469
0.469
0.314
0.314
0.314
0.482
0.482
0.482
0.482
0.482
0.301
0.301
0.239
0.27
0.27
0.263
0.263
0.28
0.28
0.218
0.224
0.28
0.249
0.23
0.234
0.238
0.221
0.227
0.273
0.273
0.319
0.319
0.319
0.244
0.435
0.435
0.435
0.228
0.257
0.344
0.344
0.344
0.426
0.426
0.426
0.523
0.523
0.523
0.523
0.523
0.523
0.356
0.356
0.51
0.51
0.51
0.51
0.51
0.51
0.397
0.397
0.397
0.327
0.327
0.327
0.375
0.375
0.375
0.388
0.388
0.388
0.345
0.383
0.354
0.335
0.296
0.386
0.386
0.386
0.403
0.44
0.44
0.44
0.315
0.414
0.363
0.363
0.363
0.22
0.299
0.299
0.299
0.385
0.385
0.385
0.269
0.365
0.365
0.365
0.243
0.239
0.305
0.305
0.305
0.371
0.371
0.371
0.397
0.397
0.397
0.397
0.359
0.359
0.359
0.449
0.449
0.449
0.449
0.292
0.286
0.26
0.259
0.245
0.311
0.311
0.311
0.338
0.338
0.338
0.434
0.434
0.252
0.286
0.286
0.226
0.342
0.342
0.342
0.342
0.288
0.288
0.4
0.4
0.4
0.4
0.411
0.411
0.411
0.411
0.411
0.443
0.443
0.443
0.443
0.443
0.375
0.375
0.26
0.309
0.309
0.362
0.362
0.362
0.362
0.366
0.366
0.366
0.366
0.219
0.268
0.268
0.265
0.261
0.265
0.253
0.334
0.254
0.256
0.275
0.35
0.398
0.398
0.398
0.398
0.521
0.521
0.521
0.521
0.302
0.302
0.435
0.435
0.435
0.294
0.294
0.358
0.358
0.358
0.355
0.355
0.355
0.29
0.29
0.316
0.316
0.282
0.298
4.916
0.214
0.394
0.394
0.394
0.394
0.394
0.331
0.331
0.331
0.718
0.718
0.718
0.718
0.718
0.538
0.538
0.538
0.538
0.538
0.245
0.427
0.427
0.427
0.427
0.427
0.337
0.219
0.334
0.334
0.312
0.312
0.234
0.227
0.219
0.22
0.371
0.371
0.371
0.371
0.318
0.318
0.318
0.355
0.355
0.355
0.355
0.239
0.239
0.235
0.243
0.243
0.198
0.209
0.22
0.233
0.557
0.557
0.557
0.557
0.557
0.557
0.257
0.484
0.484
0.484
0.484
0.484
0.484
0.396
0.396
0.396
0.396
0.396
0.485
0.398
0.398
0.398
0.398
0.398
0.295
0.295
0.573
0.573
0.573
0.573
0.573
0.573
0.573
0.573
0.573
0.231
0.704
0.704
0.704
0.704
0.704
0.704
0.704
0.704
0.704
0.44
0.44
0.44
0.44
0.44
0.44
0.433
0.433
0.433
0.433
0.489
0.489
0.489
0.489
0.489
0.489
0.436
0.436
0.436
0.436
0.436
0.273
0.459
0.459
0.459
0.459
0.459
0.375
0.375
0.375
0.375
0.346
0.346
0.346
0.474
0.474
0.474
0.474
0.498
0.498
0.498
0.498
0.498
0.498
0.323
0.323
0.519
0.519
0.519
0.519
0.519
0.519
0.351
0.252
0.305
0.305
0.284
0.284
0.301
0.301
0.354
0.354
0.354
0.312
0.312
0.312
0.226
0.324
0.324
0.237
0.282
0.282
0.312
0.312
0.264
0.261
0.261
0.325
0.325
0.236
0.352
0.352
0.352
0.323
0.323
0.323
0.232
0.296
0.269
0.269
0.359
0.359
0.359
0.281
0.281
0.229
0.319
0.319
0.319
0.216
0.265
0.265
0.275
0.275
0.237
0.317
0.317
0.281
0.336
0.257
0.22
0.22
0.237
0.236
0.536
0.536
0.236
0.266
0.266
0.278
0.254
0.339
0.264
0.342
0.342
0.342
0.381
0.381
0.381
0.3
0.3
0.255
0.279
0.279
0.385
0.385
0.385
0.385
0.385
0.385
0.452
0.452
0.452
0.452
0.452
0.452
0.387
0.387
0.387
0.387
0.387
0.378
0.378
0.378
0.378
0.392
0.392
0.392
0.392
0.392
0.469
0.469
0.469
0.283
0.283
0.388
0.388
0.388
0.366
0.366
0.366
0.366
0.366
0.251
0.373
0.373
0.373
0.373
0.373
0.289
0.289
0.289
0.181
0.305
0.305
0.305
0.259
0.259
0.231
0.231
0.214
0.19
0.253
0.253
0.223
0.223
0.348
0.348
0.348
0.348
0.348
0.157
0.333
0.333
0.333
0.333
0.333
0.248
0.248
0.248
0.259
0.259
0.259
0.236
0.236
0.236
0.455
0.455
0.455
0.455
0.455
0.222
0.368
0.368
0.368
0.368
0.368
0.253
0.253
0.253
0.258
0.258
0.258
0.246
0.246
0.246
0.361
0.361
0.361
0.361
0.361
0.179
0.359
0.359
0.359
0.359
0.359
0.317
0.317
0.317
0.317
0.332
0.332
0.332
0.332
0.168
0.182
0.166
0.218
0.218
0.248
0.248
0.224
0.224
0.269
0.269
0.269
0.221
0.221
0.286
0.286
0.286
0.509
0.509
0.509
0.509
0.509
0.509
0.509
0.509
0.509
0.542
0.542
0.542
0.542
0.542
0.542
0.542
0.542
0.542
0.216
0.216
0.69
0.69
0.69
0.69
0.69
0.69
0.243
0.243
0.33
0.33
0.33
0.33
0.33
0.512
0.512
0.512
0.512
0.512
0.19
0.224
0.182
0.214
9.148
0.299
0.187
0.194
0.168
0.488
0.488
0.488
0.488
0.488
0.488
0.488
0.519
0.519
0.519
0.519
0.519
0.519
0.519
0.219
0.219
0.227
0.227
0.349
0.349
0.463
0.463
0.463
0.463
0.463
0.463
0.463
0.428
0.428
0.474
0.474
0.474
0.474
0.474
0.474
0.474
0.238
0.311
0.311
0.311
0.229
0.378
0.378
0.378
0.378
0.378
0.401
0.401
0.436
0.436
0.436
0.436
0.436
0.313
0.313
0.313
0.449
0.449
0.449
0.449
0.449
0.449
0.347
0.347
0.347
0.294
0.294
0.294
0.373
0.373
0.373
0.4
0.4
0.4
0.4
0.4
0.32
0.32
0.32
0.428
0.428
0.428
0.428
0.428
0.436
0.436
0.436
0.436
0.436
0.539
0.539
0.539
0.539
0.539
0.316
0.339
0.244
0.274
0.408
0.408
0.408
0.408
0.408
0.408
0.238
0.428
0.428
0.428
0.428
0.428
0.428
0.372
0.372
0.372
0.372
0.372
0.306
0.306
0.306
0.479
0.479
0.479
0.479
0.479
0.26
0.257
0.257
0.211
0.282
0.282
0.339
0.339
0.265
0.265
0.371
0.371
0.371
0.371
0.371
0.222
0.436
0.436
0.436
0.436
0.436
0.29
0.263
0.263
0.206
0.259
0.259
0.263
0.263
0.259
0.259
0.287
0.287
0.287
0.238
0.302
0.302
0.302
0.24
0.218
0.358
0.358
0.358
0.358
0.358
0.35
0.35
0.35
0.35
0.455
0.455
0.455
0.455
0.455
0.209
0.205
0.263
0.263
0.263
0.294
0.294
0.294
0.256
0.256
0.255
0.255
0.202
0.21
0.24
0.223
0.235
0.237
0.218
0.586
0.586
0.586
0.586
0.586
0.586
0.586
0.586
0.586
0.586
0.586
0.48
0.48
0.48
0.48
0.48
0.48
0.48
0.678
0.678
0.678
0.678
0.678
0.678
0.678
0.678
0.678
0.678
0.678
0.37
0.37
0.37
0.37
0.37
0.37
0.304
0.304
0.45
0.45
0.45
0.45
0.45
0.45
0.672
0.672
0.672
0.672
0.672
0.672
0.672
0.672
0.672
0.672
0.672
0.672
0.296
0.296
0.296
2.322
2.322
2.322
2.322
2.322
2.322
2.322
2.322
2.322
2.322
2.322
2.322
0.695
0.695
0.695
0.695
0.695
0.695
0.695
0.695
0.695
3.073
3.073
3.073
3.073
0.607
0.607
0.607
0.607
0.607
0.607
0.607
0.607
0.607
0.545
0.545
0.545
0.545
0.545
0.545
0.545
0.545
0.545
0.322
0.322
0.322
0.548
0.548
0.548
0.548
0.548
0.548
0.548
0.548
0.548
0.37
0.37
0.37
0.37
0.37
0.467
0.407
0.407
0.407
0.407
0.407
0.248
0.301
0.301
0.275
0.275
0.301
0.301
0.301
0.229
0.31
0.31
0.31
0.209
0.369
0.369
0.369
0.369
0.222
0.341
0.341
0.341
0.341
0.261
0.261
0.254
0.254
0.271
0.271
0.251
0.251
0.26
0.26
0.268
0.268
0.276
0.276
0.208
0.231
0.212
0.215
0.287
0.287
0.287
0.267
0.267
0.341
0.341
0.341
0.223
0.222
0.214
0.235
0.215
0.198
0.206
0.294
0.294
0.294
0.212
0.308
0.308
0.308
0.205
0.205
0.368
0.368
0.368
0.368
0.368
0.204
0.445
0.445
0.445
0.445
0.445
0.307
0.233
0.298
0.298
0.224
0.276
0.276
0.213
0.232
0.243
0.219
0.385
0.385
0.385
0.385
0.385
0.385
0.344
0.344
0.411
0.411
0.411
0.411
0.411
0.411
0.428
0.428
0.428
0.428
0.428
0.167
0.385
0.385
0.385
0.385
0.385
0.451
0.451
0.451
0.451
0.199
0.297
0.297
0.297
0.297
0.256
0.256
0.256
0.315
0.315
0.315
0.229
0.336
6.804
0.207
0.203
0.231
0.213
0.273
0.273
0.273
0.245
0.245
0.327
0.327
0.327
0.263
0.263
0.212
0.226
0.226
0.291
0.291
0.291
0.291
0.201
0.317
0.317
0.317
0.317
0.331
0.331
0.331
0.331
0.407
0.407
0.407
0.407
0.313
0.467
0.467
0.467
0.467
0.467
0.467
0.21
0.496
0.496
0.496
0.496
0.496
0.496
0.496
0.496
0.342
0.342
0.342
0.342
0.547
0.547
0.547
0.547
0.547
0.547
0.547
0.547
0.264
0.264
0.294
0.294
0.533
0.23
0.36
0.36
0.36
0.36
0.319
0.319
0.427
0.427
0.427
0.427
0.288
0.288
0.288
0.375
0.375
0.375
0.261
0.715
0.715
0.715
0.715
0.715
0.715
0.308
0.308
0.308
0.49
0.49
0.49
0.49
0.49
0.49
0.231
0.228
0.399
0.399
0.399
0.399
0.298
0.298
0.412
0.412
0.412
0.412
0.325
0.325
0.365
0.365
0.262
0.262
0.505
0.505
0.505
0.505
0.505
0.505
0.505
0.505
0.505
0.301
0.301
0.604
0.604
0.604
0.604
0.604
0.604
0.604
0.604
0.604
0.529
0.529
0.529
0.529
0.529
0.529
0.529
0.529
0.3
0.3
0.3
0.515
0.515
0.515
0.515
0.515
0.515
0.515
0.515
0.241
0.241
0.263
0.263
0.271
0.271
0.316
0.316
0.316
0.316
0.36
0.36
0.398
0.398
0.398
0.398
0.371
0.371
0.371
0.371
0.255
0.409
0.409
0.409
0.409
0.293
0.293
0.293
0.298
0.298
0.298
0.375
0.375
0.375
1.152
1.152
1.152
1.152
1.152
1.152
1.152
1.152
1.152
1.152
1.152
1.152
1.152
1.152
1.152
1.152
1.152
1.152
1.152
1.152
1.152
1.152
1.152
1.152
0.257
0.257
1.261
1.261
1.261
1.261
1.261
1.261
1.261
1.261
1.261
1.261
1.261
1.261
1.261
1.261
1.261
1.261
1.261
1.261
1.261
1.261
1.261
1.261
1.261
1.261
0.516
0.516
0.516
0.516
0.516
0.516
0.516
0.516
0.516
0.377
0.377
0.377
0.377
0.613
0.613
0.613
0.613
0.613
0.613
0.613
0.613
0.613
0.673
0.673
0.673
0.673
0.673
0.673
0.673
0.673
0.673
0.673
0.673
0.673
0.673
0.423
0.423
0.423
0.423
0.423
0.779
0.779
0.779
0.779
0.779
0.779
0.779
0.779
0.779
0.779
0.779
0.779
0.779
0.98
0.98
0.98
0.98
0.98
0.98
0.98
0.98
0.98
0.98
0.98
0.98
0.98
0.98
0.98
0.98
0.98
0.98
0.98
0.98
0.98
0.336
0.336
0.336
0.336
1.105
1.105
1.105
1.105
1.105
1.105
1.105
1.105
1.105
1.105
1.105
1.105
1.105
1.105
1.105
1.105
1.105
1.105
1.105
1.105
1.105
0.652
0.652
0.652
0.652
0.652
0.652
0.652
0.652
0.652
0.652
0.652
0.652
0.361
0.361
0.361
0.361
0.793
0.793
0.793
0.793
0.793
0.793
0.793
0.793
0.793
0.793
0.793
0.793
0.702
0.702
0.702
0.702
0.702
0.702
0.702
0.702
0.702
0.702
0.702
0.702
0.702
0.299
0.299
0.781
0.781
0.781
0.781
0.781
0.781
0.781
0.781
0.781
0.781
0.781
0.781
0.781
0.516
0.516
0.516
0.516
0.516
0.516
0.516
0.516
0.516
0.325
0.325
0.325
0.6
0.6
0.6
0.6
0.6
0.6
0.6
0.6
0.6
0.401
0.401
0.401
0.401
0.401
0.401
0.411
0.411
0.411
0.411
0.411
0.411
0.483
0.483
0.483
0.483
0.483
0.483
0.483
0.483
0.483
0.363
0.363
0.363
0.547
0.547
0.547
0.547
0.547
0.547
0.547
0.547
0.547
0.528
0.528
0.528
0.528
0.528
0.528
0.528
0.528
0.528
0.528
0.252
0.596
0.596
0.596
0.596
0.596
0.596
0.596
0.596
0.596
0.596
0.559
0.559
0.559
0.559
0.559
0.559
0.559
0.559
0.559
0.559
0.299
0.299
0.299
0.659
0.659
0.659
0.659
0.659
0.659
0.659
0.659
0.659
0.659
0.295
0.295
0.238
0.238
0.384
0.384
0.384
0.384
0.555
0.414
0.414
0.414
0.414
0.243
2.63
0.223
0.205
0.246
0.304
4.683
0.292
0.393
0.393
0.393
0.393
0.393
0.282
0.282
0.425
0.425
0.425
0.425
0.425
0.362
0.362
0.362
0.4
0.4
0.4
0.4
0.4
0.301
0.365
0.365
0.365
0.365
0.365
0.263
0.263
0.214
0.25
0.25
0.343
0.343
0.343
0.343
0.343
0.261
0.261
0.372
0.372
0.372
0.372
0.372
0.274
0.274
0.274
0.263
0.321
0.321
0.321
0.735
0.735
0.735
0.735
0.735
0.735
0.735
0.735
0.316
0.316
0.316
0.559
0.559
0.559
0.559
0.559
0.559
0.559
0.559
0.414
0.414
0.414
0.414
0.414
0.414
0.414
0.277
0.277
0.46
0.46
0.46
0.46
0.46
0.46
0.46
0.685
0.685
0.685
0.685
0.685
0.685
0.685
0.685
0.685
0.685
0.685
0.685
0.685
0.469
0.469
0.469
0.469
0.741
0.741
0.741
0.741
0.741
0.741
0.741
0.741
0.741
0.741
0.741
0.741
0.741
0.464
0.464
0.464
0.464
0.464
0.32
0.375
0.375
0.375
0.375
0.375
0.505
0.505
0.505
0.505
0.505
0.505
0.505
0.505
0.505
0.652
0.652
0.652
0.652
0.652
0.652
0.652
0.652
0.652
0.521
0.521
0.521
0.521
0.521
0.521
0.521
0.521
0.521
0.295
0.295
0.295
0.295
0.525
0.525
0.525
0.525
0.525
0.525
0.525
0.525
0.525
0.534
0.534
0.534
0.534
0.534
0.534
0.534
0.534
0.534
0.534
0.252
0.252
0.609
0.609
0.609
0.609
0.609
0.609
0.609
0.609
0.609
0.609
0.555
0.555
0.555
0.555
0.555
0.555
0.555
0.555
0.555
0.555
0.555
0.336
0.336
0.336
0.336
0.921
0.921
0.921
0.921
0.921
0.921
0.921
0.921
0.921
0.921
0.921
0.498
0.498
0.498
0.498
0.498
0.498
0.498
0.498
0.498
0.216
0.642
0.642
0.642
0.642
0.642
0.642
0.642
0.642
0.642
0.615
0.615
0.615
0.615
0.615
0.615
0.615
0.615
0.615
0.615
0.305
0.305
0.305
0.602
0.602
0.602
0.602
0.602
0.602
0.602
0.602
0.602
0.602
0.5
0.5
0.5
0.5
0.5
0.5
0.5
0.5
6.971
6.971
6.971
0.515
0.515
0.515
0.515
0.515
0.515
0.515
0.515
0.236
0.236
0.266
0.266
0.416
0.416
0.416
0.416
0.416
0.257
0.46
0.46
0.46
0.46
0.46
0.462
0.462
0.462
0.462
0.462
0.392
0.392
0.392
0.392
0.513
0.513
0.513
0.513
0.513
0.357
0.357
0.357
0.357
0.215
0.345
0.345
0.345
0.345
0.169
0.268
0.268
0.209
0.348
0.348
0.348
0.348
0.348
0.348
0.288
0.288
0.288
0.387
0.387
0.387
0.387
0.387
0.387
0.23
0.23
0.23
0.17
0.331
0.331
0.331
0.182
0.215
0.277
0.277
0.277
0.277
0.285
0.285
0.285
0.285
0.242
0.242
0.242
0.265
0.265
0.265
0.254
0.254
0.254
0.295
0.295
0.295
0.295
0.169
0.302
0.302
0.302
0.302
0.25
0.157
0.354
0.354
0.354
0.354
0.354
0.354
0.211
0.211
0.456
0.456
0.456
0.456
0.456
0.456
0.165
0.175
0.193
0.193
0.201
0.201
0.199
0.199
0.268
0.268
0.268
0.268
0.279
0.279
0.279
0.279
0.157
0.157
0.307
0.307
0.307
0.307
0.307
0.413
0.413
0.413
0.413
0.413
0.151
0.203
0.203
0.234
0.154
0.299
0.299
0.299
0.192
0.193
0.185
0.206
0.206
0.221
0.221
0.223
0.223
0.18
0.185
0.188
0.244
0.28
0.28
0.28
0.28
0.205
0.303
0.303
0.303
0.303
0.526
0.526
0.526
0.526
0.526
0.526
0.526
0.526
0.526
0.239
0.239
0.527
0.527
0.527
0.527
0.527
0.527
0.527
0.527
0.527
0.257
0.18
0.168
0.243
0.243
0.243
0.289
0.289
0.289
0.173
0.231
0.19
0.187
0.183
0.182
0.18
0.176
0.197
0.237
0.209
0.201
0.263
0.238
0.171
0.167
0.244
0.234
0.285
0.181
0.176
0.15
0.308
0.308
0.308
0.308
0.308
0.199
0.199
0.335
0.335
0.335
0.335
0.335
0.159
0.179
0.185
0.162
0.219
0.219
0.149
0.244
0.171
0.211
0.318
0.318
0.318
0.318
0.318
0.211
0.211
0.354
0.354
0.354
0.354
0.354
0.534
0.534
0.534
0.534
0.534
0.534
0.247
0.247
0.438
0.438
0.438
0.438
0.438
0.438
0.285
0.285
0.285
0.285
0.256
0.256
0.256
0.429
0.429
0.429
0.429
0.262
0.239
0.336
0.336
0.336
0.336
0.29
0.29
0.29
0.398
0.398
0.398
0.398
0.355
0.355
0.355
0.355
0.242
0.414
0.414
0.414
0.414
0.311
0.29
0.212
0.232
0.21
0.212
0.21
0.21
0.351
0.351
0.276
0.219
0.197
0.2
0.235
0.278
0.246
0.246
0.282
0.282
0.252
0.252
0.38
0.38
0.38
0.38
0.264
0.264
0.373
0.373
0.373
0.373
0.242
0.205
0.204
0.199
0.213
0.306
0.206
0.21
0.279
0.279
0.279
0.376
0.376
0.376
3.492
3.492
3.492
0.376
0.376
0.376
0.358
0.358
0.358
0.28
0.28
0.222
0.26
0.26
0.198
0.197
0.195
0.259
0.257
0.228
0.232
0.224
0.314
0.314
0.314
0.367
0.367
0.367
0.18
0.246
0.246
0.186
0.171
0.201
0.212
0.206
0.187
0.34
0.34
0.34
0.34
0.367
0.367
0.367
0.367
0.216
0.218
0.221
0.216
0.22
0.216
0.187
0.284
0.253
0.253
0.295
0.295
0.234
0.216
0.211
0.304
0.304
0.206
0.272
0.27
0.27
0.212
0.213
0.199
0.201
0.243
0.204
0.269
0.269
0.25
0.25
0.19
0.18
0.228
0.222
0.327
0.327
0.327
0.327
0.328
0.328
0.338
0.338
0.338
0.338
0.232
0.22
0.237
0.237
0.187
0.263
0.263
0.211
0.242
0.242
0.272
0.22
0.22
0.227
0.227
0.196
0.19
0.202
0.197
0.244
0.198
0.18
0.206
0.187
0.217
0.24
0.257
0.223
0.201
0.206
0.206
0.203
0.685
0.685
0.685
0.685
0.326
0.326
0.367
0.367
0.367
0.367
0.487
0.487
0.487
0.487
0.487
0.487
0.439
0.439
0.439
0.439
0.439
0.439
0.266
0.266
0.266
0.185
0.301
0.301
0.301
0.4
0.4
0.4
0.4
0.473
0.473
0.344
0.344
0.344
0.344
0.395
0.395
0.395
0.395
0.395
0.395
0.395
0.271
0.271
0.271
0.457
0.457
0.457
0.457
0.457
0.457
0.457
0.653
0.653
0.653
0.653
0.653
0.653
0.653
0.653
0.653
0.653
0.653
0.416
0.416
0.416
0.416
0.416
0.416
0.637
0.637
0.637
0.637
0.637
0.637
0.637
0.637
0.637
0.637
0.637
0.578
0.578
0.578
0.578
0.578
0.578
0.578
0.578
0.578
0.578
0.317
0.317
0.317
0.317
0.571
0.571
0.571
0.571
0.571
0.571
0.571
0.571
0.571
0.571
0.396
0.396
0.396
0.396
0.396
0.396
0.322
0.322
0.322
0.322
0.401
0.401
0.401
0.401
0.401
0.401
0.419
0.419
0.419
0.419
0.419
0.419
0.419
0.485
0.485
0.485
0.485
0.485
0.485
0.485
0.485
0.519
0.519
0.519
0.519
0.519
0.519
0.519
0.354
0.354
0.354
0.354
0.31
0.31
0.358
0.358
0.358
0.358
0.506
0.506
0.506
0.506
0.506
0.506
0.506
0.506
0.506
0.328
0.328
0.328
0.58
0.58
0.58
0.58
0.58
0.58
0.58
0.58
0.58
0.553
0.553
0.553
0.553
0.553
0.553
0.553
0.553
0.553
0.268
0.268
0.602
0.602
0.602
0.602
0.602
0.602
0.602
0.602
0.602
0.314
0.314
0.314
0.314
0.291
0.291
0.291
3.697
3.697
3.697
3.697
0.628
0.628
0.628
0.628
0.628
0.628
0.628
0.555
0.555
0.555
0.555
0.555
0.555
0.555
0.54
0.54
0.54
0.54
0.54
0.54
0.54
0.54
0.448
0.448
0.515
0.515
0.515
0.515
0.515
0.515
0.515
0.515
0.469
0.469
0.469
0.469
0.469
0.469
0.469
0.384
0.384
0.384
0.384
0.528
0.528
0.528
0.528
0.528
0.528
0.528
0.373
0.373
0.373
0.373
0.383
0.383
0.383
0.383
0.337
0.337
0.337
0.337
0.252
0.252
0.349
0.349
0.349
0.349
0.495
0.495
0.495
0.495
0.495
0.495
0.495
0.314
0.549
0.549
0.549
0.549
0.549
0.549
0.549
0.297
0.271
0.224
0.209
0.316
0.316
0.316
0.316
0.316
0.377
0.377
0.377
0.434
0.434
0.434
0.434
0.434
0.328
0.328
0.365
0.365
0.365
0.274
0.274
0.437
0.437
0.437
0.437
0.437
0.437
0.406
0.406
0.406
0.554
0.554
0.554
0.554
0.554
0.554
1.097
1.097
1.097
1.097
1.097
1.097
1.097
1.097
1.097
1.097
0.424
0.424
0.424
1.266
1.266
1.266
1.266
1.266
1.266
1.266
1.266
1.266
1.266
0.445
0.445
0.445
0.445
0.297
0.297
0.349
0.349
0.349
0.349
0.32
0.32
0.32
0.32
0.273
0.273
0.341
0.341
0.341
0.341
0.347
0.347
0.347
0.347
0.221
0.221
0.372
0.372
0.372
0.372
0.185
0.349
0.217
0.379
0.379
0.379
0.379
0.379
0.379
0.379
0.225
0.225
0.467
0.467
0.467
0.467
0.467
0.467
0.467
0.249
0.249
0.262
0.253
0.253
0.278
0.278
0.278
0.258
0.31
0.31
0.31
0.363
0.363
0.363
0.472
0.472
0.472
0.303
0.291
0.218
0.301
0.301
0.301
0.301
0.238
0.238
0.343
0.343
0.343
0.343
0.363
0.363
0.363
0.363
0.363
0.225
0.376
0.376
0.376
0.376
0.376
0.725
0.26
0.19
0.157
0.183
0.209
0.193
0.246
0.239
0.222
0.26
0.431
0.431
0.431
0.431
0.431
0.431
0.31
0.31
0.31
0.447
0.447
0.447
0.447
0.447
0.447
0.254
0.197
0.271
0.271
0.271
0.319
0.319
0.319
0.319
0.269
0.269
0.269
0.393
0.393
0.393
0.393
0.393
0.393
0.515
0.515
0.515
0.515
0.515
0.515
0.515
0.444
0.444
0.444
0.444
0.444
0.444
0.2
0.212
0.225
0.225
0.193
0.261
0.261
0.319
0.319
0.319
0.218
0.218
0.251
0.251
0.251
0.497
0.497
0.497
0.497
0.497
0.497
0.497
0.497
0.497
0.283
0.283
0.283
0.531
0.531
0.531
0.531
0.531
0.531
0.531
0.531
0.531
0.591
0.591
0.591
0.591
0.591
0.591
0.591
0.591
0.591
0.26
0.26
0.26
0.508
0.508
0.508
0.508
0.508
0.508
0.508
0.508
0.508
0.403
0.403
0.403
0.403
0.403
0.403
0.403
0.272
0.272
0.272
0.447
0.447
0.447
0.447
0.447
0.447
0.447
0.402
0.402
0.402
0.402
0.168
0.309
0.309
0.309
0.309
0.541
0.541
0.541
0.541
0.541
0.541
0.541
0.541
0.541
0.541
0.541
0.264
0.264
0.264
0.633
0.633
0.633
0.633
0.633
0.633
0.633
0.633
0.633
0.633
0.633
0.264
0.264
0.264
0.314
0.314
0.314
0.339
0.339
0.339
0.183
0.206
0.189
0.196
0.67
0.31
0.279
0.336
0.336
0.336
0.236
0.296
0.296
0.296
0.194
0.204
0.279
0.279
0.279
0.222
0.319
0.319
0.319
0.408
0.408
0.408
0.408
0.408
0.408
0.466
0.466
0.466
0.466
0.466
0.466
0.362
0.362
0.362
0.362
0.362
0.259
0.259
0.392
0.392
0.392
0.392
0.392
0.308
0.308
0.308
0.2
0.364
0.364
0.364
0.335
0.335
0.335
0.323
0.323
0.323
0.264
0.264
0.156
0.21
0.21
0.253
0.253
0.253
0.253
0.349
0.349
0.349
0.349
0.194
0.176
0.255
0.255
0.255
0.178
0.277
0.277
0.277
0.214
0.214
0.184
0.224
0.224
0.352
0.352
0.352
0.352
0.352
0.335
0.335
0.335
0.335
0.335
0.364
0.364
0.364
0.364
0.364
0.364
0.161
0.397
0.397
0.397
0.397
0.397
0.397
0.178
0.188
0.215
0.178
0.418
0.418
0.418
0.418
0.418
0.418
0.307
0.307
0.471
0.471
0.471
0.471
0.471
0.471
0.26
0.26
0.26
0.26
0.272
0.272
0.272
0.272
0.318
0.318
0.318
0.318
0.318
0.232
0.232
4.515
4.515
4.515
4.515
4.515
0.541
0.541
0.541
0.541
0.33
0.33
0.33
0.33
0.274
0.274
0.274
0.274
0.298
0.298
0.298
0.298
0.157
0.16
0.389
0.389
0.389
0.389
0.157
0.3
0.3
0.3
0.3
0.175
0.305
0.27
0.27
0.27
0.191
0.289
0.289
0.289
0.43
0.43
0.43
0.43
0.43
0.43
0.413
0.413
0.413
0.413
0.413
0.434
0.434
0.434
0.434
0.434
0.434
0.213
0.232
0.25
0.615
0.211
0.244
0.249
0.249
0.318
0.261
0.261
0.291
0.291
0.291
0.252
0.252
0.308
0.308
0.308
0.281
0.281
0.281
0.242
0.327
0.327
0.327
0.503
0.503
0.503
0.503
0.503
0.503
0.503
0.503
0.503
0.252
0.632
0.632
0.632
0.632
0.632
0.632
0.632
0.632
0.632
0.221
0.246
0.427
0.427
0.427
0.427
0.427
0.427
0.223
0.468
0.468
0.468
0.468
0.468
0.468
0.582
0.582
0.582
0.582
0.582
0.582
0.582
0.562
0.562
0.562
0.562
0.562
0.562
0.562
0.941
0.941
0.941
0.941
0.941
0.941
0.941
0.941
0.941
0.941
0.941
0.941
0.941
0.941
0.941
0.941
0.941
0.941
0.332
0.332
0.332
1.01
1.01
1.01
1.01
1.01
1.01
1.01
1.01
1.01
1.01
1.01
1.01
1.01
1.01
1.01
1.01
1.01
1.01
0.584
0.584
0.584
0.584
0.584
0.584
0.584
0.584
0.584
0.584
0.265
0.621
0.621
0.621
0.621
0.621
0.621
0.621
0.621
0.621
0.621
0.722
0.722
0.722
0.722
0.722
0.722
0.722
0.722
0.722
0.722
0.722
0.722
0.722
0.399
0.399
0.399
0.399
0.399
0.76
0.76
0.76
0.76
0.76
0.76
0.76
0.76
0.76
0.76
0.76
0.76
0.76
0.21
0.215
0.664
0.664
0.664
0.664
0.664
0.664
0.664
0.664
0.664
0.664
0.664
0.664
0.664
0.761
0.761
0.761
0.761
0.761
0.761
0.761
0.761
0.761
0.761
0.761
0.761
0.761
0.595
0.595
0.595
0.595
0.595
0.595
0.595
0.595
0.595
0.595
0.595
0.595
0.335
0.335
0.335
0.335
0.691
0.691
0.691
0.691
0.691
0.691
0.691
0.691
0.691
0.691
0.691
0.691
0.637
0.637
0.637
0.637
0.637
0.637
0.637
0.637
0.637
0.637
0.637
0.637
0.771
0.771
0.771
0.771
0.771
0.771
0.771
0.771
0.771
0.771
0.771
0.771
0.854
0.854
0.854
0.854
0.854
0.854
0.854
0.854
0.854
0.854
0.854
0.854
0.854
0.854
0.854
0.854
0.854
0.854
0.492
0.492
0.492
0.492
0.492
0.492
0.492
0.977
0.977
0.977
0.977
0.977
0.977
0.977
0.977
0.977
0.977
0.977
0.977
0.977
0.977
0.977
0.977
0.977
0.977
0.662
0.662
0.662
0.662
0.662
0.662
0.662
0.662
0.662
0.662
0.662
0.662
0.662
0.287
0.287
0.287
0.714
0.714
0.714
0.714
0.714
0.714
0.714
0.714
0.714
0.714
0.714
0.714
0.714
0.558
0.558
0.558
0.558
0.558
0.558
0.558
0.558
0.558
0.558
0.399
0.399
0.399
0.399
0.399
0.684
0.684
0.684
0.684
0.684
0.684
0.684
0.684
0.684
0.684
0.839
0.839
0.839
0.839
0.839
0.839
0.839
0.839
0.839
0.839
0.839
0.839
0.839
0.839
0.839
0.839
0.227
0.932
0.932
0.932
0.932
0.932
0.932
0.932
0.932
0.932
0.932
0.932
0.932
0.932
0.932
0.932
0.932
0.79
0.79
0.79
0.79
0.79
0.79
0.79
0.79
0.79
0.79
0.79
0.79
0.79
0.79
0.79
0.79
0.285
0.285
0.948
0.948
0.948
0.948
0.948
0.948
0.948
0.948
0.948
0.948
0.948
0.948
0.948
0.948
0.948
0.948
0.738
0.738
0.738
0.738
0.738
0.738
0.738
0.738
0.738
0.738
0.738
0.738
0.738
0.738
0.351
0.351
0.351
0.351
0.804
0.804
0.804
0.804
0.804
0.804
0.804
0.804
0.804
0.804
0.804
0.804
0.804
0.804
0.753
0.753
0.753
0.753
0.753
0.753
0.753
0.753
0.753
0.753
0.753
0.753
0.753
0.753
0.753
0.303
0.303
0.303
0.852
0.852
0.852
0.852
0.852
0.852
0.852
0.852
0.852
0.852
0.852
0.852
0.852
0.852
0.852
0.58
0.58
0.58
0.58
0.58
0.58
0.58
0.58
0.279
0.279
0.513
0.513
0.513
0.513
0.513
0.513
0.513
0.513
0.684
0.684
0.684
0.684
0.684
0.684
0.684
0.684
0.684
0.684
0.684
0.378
0.378
0.378
0.69
0.69
0.69
0.69
0.69
0.69
0.69
0.69
0.69
0.69
0.69
0.247
0.247
0.21
0.364
0.364
0.562
0.562
0.562
0.562
0.562
0.562
0.562
0.426
0.426
0.426
0.426
0.528
0.528
0.528
0.528
0.528
0.528
0.528
0.191
0.206
0.265
0.265
0.265
0.301
0.301
0.279
0.279
0.279
0.456
0.456
0.456
0.456
0.456
0.456
0.207
0.408
0.408
0.408
0.408
0.408
0.408
0.264
0.264
0.264
0.364
0.364
0.364
0.304
0.304
0.304
0.419
0.419
0.419
0.419
0.419
0.419
0.265
0.451
0.451
0.451
0.451
0.451
0.451
0.431
0.431
0.431
0.431
0.431
0.326
0.326
0.326
0.389
0.389
0.389
0.389
0.389
0.343
0.343
0.343
0.343
0.278
0.278
0.336
0.336
0.336
0.336
0.37
0.37
0.37
0.37
0.37
0.262
0.262
0.576
0.576
0.576
0.576
0.576
0.246
0.246
0.254
0.254
0.383
0.383
0.383
0.383
0.383
0.383
0.511
0.511
0.511
0.511
0.511
0.511
0.549
0.549
0.549
0.549
0.549
0.549
0.549
0.549
0.312
0.312
0.312
0.478
0.478
0.478
0.478
0.478
0.478
0.478
0.478
0.431
0.431
0.431
0.431
0.431
0.431
0.431
0.225
0.468
0.468
0.468
0.468
0.468
0.468
0.468
0.575
0.575
0.575
0.575
0.575
0.575
0.575
0.575
0.575
0.575
0.575
0.203
0.612
0.612
0.612
0.612
0.612
0.612
0.612
0.612
0.612
0.612
0.612
0.568
0.568
0.568
0.568
0.568
0.568
0.568
0.568
0.568
0.23
0.23
0.554
0.554
0.554
0.554
0.554
0.554
0.554
0.554
0.554
0.244
0.197
0.766
0.766
0.766
0.766
0.766
0.766
0.766
0.766
0.766
0.766
0.766
0.766
0.766
0.766
0.766
0.766
0.204
0.863
0.863
0.863
0.863
0.863
0.863
0.863
0.863
0.863
0.863
0.863
0.863
0.863
0.863
0.863
0.863
0.613
0.613
0.613
0.613
0.613
0.613
0.613
0.613
0.613
0.613
0.613
0.613
0.373
0.373
0.373
0.707
0.707
0.707
0.707
0.707
0.707
0.707
0.707
0.707
0.707
0.707
0.707
0.282
0.282
0.282
0.437
0.437
0.437
0.435
0.435
0.435
0.435
0.435
0.435
0.257
0.257
0.481
0.481
0.481
0.481
0.481
0.481
0.553
0.553
0.553
0.553
0.553
0.553
0.553
0.553
0.553
0.307
0.307
0.604
0.604
0.604
0.604
0.604
0.604
0.604
0.604
0.604
0.281
0.281
0.281
0.316
0.316
0.316
0.418
0.418
0.418
0.418
0.418
0.418
0.395
0.395
0.395
0.395
0.395
0.447
0.447
0.447
0.447
0.447
0.447
0.438
0.438
0.438
0.438
0.438
0.438
0.369
0.369
0.369
0.369
0.438
0.438
0.438
0.438
0.438
0.438
0.439
0.439
0.439
0.439
0.439
0.439
0.439
0.538
0.538
0.538
0.538
0.538
0.538
0.538
0.538
0.5
0.5
0.5
0.5
0.5
0.5
0.5
0.327
0.327
0.327
0.327
0.342
0.342
0.342
0.342
0.284
0.284
0.263
0.263
0.287
0.238
0.339
0.339
0.339
0.407
0.407
0.407
0.209
0.273
0.312
0.202
3.545
0.302
0.302
0.302
0.302
0.186
0.313
0.313
0.313
0.313
0.363
0.363
0.363
0.363
0.363
0.363
0.252
0.252
0.252
0.42
0.42
0.42
0.42
0.42
0.42
0.259
0.259
0.259
0.204
0.263
0.263
0.263
0.317
0.317
0.317
0.317
0.21
0.297
0.297
0.297
0.297
0.2
0.201
0.162
0.205
0.205
0.164
0.198
0.175
0.169
0.181
0.19
0.407
0.407
0.407
0.407
0.407
0.407
0.407
0.321
0.321
0.451
0.451
0.451
0.451
0.451
0.451
0.451
0.32
0.32
0.32
0.32
0.32
0.349
0.349
0.349
0.349
0.349
0.227
0.227
0.227
0.172
0.264
0.264
0.264
0.473
0.473
0.473
0.473
0.473
0.473
0.473
0.473
0.473
0.219
0.219
0.521
0.521
0.521
0.521
0.521
0.521
0.521
0.521
0.521
0.287
0.287
0.287
0.287
0.18
0.32
0.32
0.32
0.32
0.281
0.281
0.281
0.281
0.378
0.378
0.378
0.36
0.36
0.36
0.36
0.175
0.2
0.22
0.22
0.232
0.232
0.219
0.219
0.541
0.541
0.541
0.541
0.541
0.541
0.541
0.541
0.541
0.541
0.541
0.243
0.243
0.615
0.615
0.615
0.615
0.615
0.615
0.615
0.615
0.615
0.615
0.615
0.164
0.223
0.529
0.529
0.529
0.529
0.529
0.529
0.529
0.28
0.28
0.438
0.438
0.438
0.438
0.438
0.438
0.438
0.365
0.365
0.365
0.365
0.365
0.365
0.195
0.41
0.41
0.41
0.41
0.41
0.41
0.289
0.289
0.289
0.279
0.279
0.279
0.5
0.5
0.5
0.729
0.729
0.729
0.184
0.675
0.675
0.208
0.197
0.174
0.262
0.262
0.262
0.168
0.286
0.286
0.286
0.241
0.226
0.24
0.206
0.319
0.26
0.21
0.196
0.171
0.209
0.177
0.178
0.401
0.401
0.401
0.401
0.401
0.401
0.39
0.39
0.39
0.39
0.39
0.39
0.21
0.21
0.247
0.247
0.18
0.193
0.18
0.182
0.205
0.205
0.309
0.309
0.355
0.355
0.355
0.355
0.355
0.4
0.4
0.4
0.4
0.4
0.224
0.224
