2.579
0.244
9.835
9.835
9.835
6.998
6.998
6.998
6.929
6.933
7.055
7.055
6.945
6.945
7.424
6.956
6.973
6.973
6.992
6.992
7.085
7.249
6.993
6.993
6.992
6.992
7.007
7.007
7.058
7.058
7.122
7.122
7.246
7.246
7.246
7.246
7.246
7.17
7.17
7.17
7.17
7.17
7.146
7.146
7.146
7.146
7.088
7.088
7.011
7.011
7.011
7.011
7.03
6.954
7.108
7.108
7.108
7.572
6.958
6.958
6.958
6.893
6.915
6.955
6.955
6.921
6.985
6.985
6.921
6.921
6.907
6.976
6.976
6.944
6.944
6.944
6.968
7.134
7.134
7.134
7.32
7.32
7.32
7.32
7.165
7.165
7.014
7.014
7.014
7.014
6.944
6.99
7.005
7.005
7.005
7.005
7.107
7.201
7.201
7.201
7.201
14.912
14.912
7.042
7.162
7.162
7.268
7.268
7.268
7.268
7.268
7.268
7.315
7.315
7.315
7.315
7.315
7.519
7.519
7.519
7.519
7.519
7.519
7.349
7.349
7.349
7.349
7.349
7.349
7.349
7.349
7.349
7.349
7.349
7.441
7.441
7.362
7.362
7.362
7.362
7.362
7.362
7.362
7.362
7.362
7.362
7.362
7.027
6.959
6.959
7.135
7.35
7.35
7.35
7.35
7.35
7.35
7.273
7.273
7.273
7.273
7.273
7.273
7.062
7.062
7.062
7.062
7.027
7.015
7.015
7.015
7.015
6.916
7.217
7.227
7.227
7.227
7.227
7.227
7.09
7.09
7.09
7.09
7.09
6.929
6.929
7.041
6.974
6.974
6.976
6.976
6.929
6.929
6.905
6.942
6.971
7.113
7.264
7.264
7.264
7.264
7.264
7.264
7.236
7.236
7.236
7.224
7.224
7.224
7.224
7.224
7.224
7.083
7.083
7.083
6.966
6.966
6.966
6.904
6.905
6.936
6.906
6.934
6.913
6.998
6.998
6.998
6.997
7.034
7.034
7.086
7.086
7.086
7.074
7.074
7.074
6.979
6.979
6.979
7.006
7.041
7.041
7.041
7.038
7.038
7.062
7.062
7.015
7.015
7.015
7.003
7.02
7.02
7.02
6.984
6.904
6.92
6.975
6.997
6.997
7.057
7.057
7.061
7.061
7.061
7.061
7.067
7.101
7.101
7.101
7.101
6.956
6.956
6.956
7.063
7.029
7.029
7.029
9.612
7.005
7.262
7.262
7.262
7.109
7.2
7.2
7.2
7.51
7.51
7.51
7.51
7.51
7.398
7.398
7.398
7.32
7.32
7.32
7.32
7.32
7.045
7.045
7.057
7.052
7.052
7.079
7.079
7.023
7.023
6.964
7.001
7.025
7.107
7.005
6.962
6.971
7.009
7.03
7.033
7.222
7.237
7.237
7.237
7.114
7.109
7.109
7.109
6.971
7.366
7.346
7.346
7.346
7.54
7.54
7.54
7.487
7.487
7.487
7.487
7.487
7.487
7.37
7.37
7.299
7.299
7.299
7.299
7.299
7.299
7.118
7.118
7.118
7.105
7.105
7.105
7.17
7.17
7.17
7.064
7.064
7.064
6.954
7.037
7.038
7.084
7.084
7.512
7.512
7.512
7.224
7.178
7.178
7.178
7.028
7.077
7.109
7.109
7.109
7.053
7.146
7.146
7.146
7.151
7.151
7.151
16.897
7.141
7.141
7.141
7.071
7.162
7.237
7.237
7.237
7.321
7.321
7.321
7.174
7.174
7.174
7.174
7.223
7.223
7.223
7.12
7.12
7.12
7.12
7.345
7.126
6.967
6.877
6.972
7.128
7.128
7.128
7.305
7.305
7.305
6.965
6.965
6.947
6.988
6.988
7.078
7.261
7.261
7.261
7.261
7.091
7.091
7.225
7.225
7.225
7.225
7.27
7.27
7.27
7.27
7.27
7.165
7.165
7.165
7.165
7.165
7.004
7.004
7.01
7.113
7.113
7.193
7.193
7.193
7.193
7.046
7.046
7.046
7.046
7.022
7.018
7.018
7.079
7.011
6.992
6.996
6.933
6.954
6.977
6.943
7.076
7.186
7.186
7.186
7.186
7.153
7.153
7.153
7.153
7.11
7.11
7.085
7.085
7.085
7.088
7.088
7.076
7.076
7.076
7.155
7.155
7.155
7.082
7.082
7.306
7.306
6.954
7.147
6.99
7.123
7.247
7.247
7.247
7.247
7.247
7.247
7.247
7.247
7.276
7.276
7.276
7.276
7.276
7.244
7.244
7.244
7.244
7.244
7.325
7.25
7.25
7.25
7.25
7.25
6.923
7.046
7.026
7.026
7.003
7.003
7.01
7.016
6.927
7.177
7.082
7.082
7.082
7.082
7.611
7.611
7.611
7.109
7.109
7.109
7.109
6.977
6.977
6.969
6.964
6.964
7.031
7.054
7.032
7.405
7.235
7.235
7.235
7.235
7.235
7.235
7.294
7.528
7.528
7.528
7.528
7.528
7.528
7.147
7.147
7.147
7.147
7.147
7.213
7.189
7.189
7.189
7.189
7.189
7.604
7.604
7.287
7.287
7.287
7.287
7.287
7.287
7.287
7.287
7.287
7.294
7.49
7.49
7.49
7.49
7.49
7.49
7.49
7.49
7.49
7.319
7.319
7.319
7.319
7.319
7.319
7.501
7.501
7.501
7.501
7.442
7.442
7.442
7.442
7.442
7.442
7.143
7.143
7.143
7.143
7.143
7.263
10.562
10.562
10.562
10.562
10.562
7.173
7.173
7.173
7.173
7.28
7.28
7.28
7.362
7.362
7.362
7.362
7.181
7.181
7.181
7.181
7.181
7.181
7.202
7.202
7.191
7.191
7.191
7.191
7.191
7.191
7.035
6.98
7.026
7.026
6.988
6.988
7.182
7.182
7.098
7.098
7.098
6.987
6.987
6.987
6.96
7.245
7.245
6.989
6.999
6.999
6.988
6.988
6.979
6.985
6.985
6.931
6.931
7.056
7.078
7.078
7.078
7.154
7.154
7.154
7.162
7.176
7.106
7.106
7.143
7.143
7.143
7.021
7.021
7.068
7.082
7.082
7.082
7.139
7.104
7.104
7.039
7.039
7.061
7.111
7.111
7.076
7.084
7.004
6.986
7.012
7.312
7.33
7.064
7.064
7.421
7.053
7.053
7.006
6.966
6.943
7.046
7.121
7.121
7.121
7.72
7.72
7.72
7.145
7.145
7.171
7.192
7.192
7.36
7.36
7.36
7.36
7.36
7.36
7.349
7.349
7.349
7.349
7.349
7.349
7.279
7.279
7.279
7.279
7.279
7.318
7.318
7.318
7.318
7.225
7.225
7.225
7.225
7.225
7.284
7.284
7.284
7.087
7.087
7.191
7.191
7.191
7.105
7.105
7.105
7.105
7.105
7.198
7.655
7.655
7.655
7.655
7.655
7.246
7.246
7.246
7.14
7.297
7.297
7.297
7.233
7.233
7.081
7.081
7.089
7.254
7.134
7.134
7.124
7.124
7.097
7.097
7.097
7.097
7.097
7.148
7.202
7.202
7.202
7.202
7.202
7.209
7.209
7.209
7.259
7.259
7.259
7.276
7.276
7.276
7.119
7.119
7.119
7.119
7.119
7.318
7.185
7.185
7.185
7.185
7.185
7.174
7.174
7.174
7.174
7.174
7.174
7.18
7.18
7.18
7.09
7.09
7.09
7.09
7.09
7.087
7.255
7.255
7.255
7.255
7.255
7.13
7.13
7.13
7.13
7.08
7.08
7.08
7.08
6.975
6.975
7.018
7.068
7.068
7.075
7.075
7.132
7.132
7.121
7.121
7.121
7.146
7.146
7.457
7.457
7.457
14.934
14.934
14.934
14.934
14.934
14.934
14.934
14.934
14.934
7.358
7.358
7.358
7.358
7.358
7.358
7.358
7.358
7.358
7.2
7.2
7.45
7.45
7.45
7.45
7.45
7.45
7.246
7.246
7.326
7.326
7.326
7.326
7.326
7.119
7.119
7.119
7.119
7.119
7.166
6.962
6.972
6.953
6.98
7.018
6.975
6.96
7.336
7.432
7.432
7.432
7.432
7.432
7.432
7.432
7.576
7.576
7.576
7.576
7.576
7.576
7.576
7.051
7.051
7.019
7.019
7.262
7.262
7.281
7.281
7.281
7.281
7.281
7.281
7.281
7.302
7.302
7.43
7.43
7.43
7.43
7.43
7.43
7.43
7.123
7.026
7.026
7.026
7.103
12.36
12.36
12.36
12.36
12.36
7.177
7.177
7.242
7.242
7.242
7.242
7.242
7.181
7.181
7.181
7.215
7.215
7.215
7.215
7.215
7.215
7.056
7.056
7.056
7.145
7.145
7.145
7.292
7.292
7.292
7.312
7.312
7.312
7.312
7.312
7.272
7.272
7.272
7.449
7.449
7.449
7.449
7.449
7.397
7.397
7.397
7.397
7.397
7.125
7.125
7.125
7.125
7.125
7.226
7.297
6.96
7.171
7.181
7.181
7.181
7.181
7.181
7.181
7.37
7.301
7.301
7.301
7.301
7.301
7.301
7.279
7.279
7.279
7.279
7.279
7.258
7.258
7.258
7.139
7.139
7.139
7.139
7.139
6.96
6.955
6.955
6.936
7.02
7.02
7.009
7.009
7.203
7.203
7.22
7.22
7.22
7.22
7.22
7.111
7.098
7.098
7.098
7.098
7.098
6.954
7.021
7.021
7.031
7.029
7.029
7.007
7.007
7.122
7.122
7.017
7.017
7.017
7.052
7.062
7.062
7.062
6.943
7.282
7.357
7.357
7.357
7.357
7.357
7.268
7.268
7.268
7.268
7.127
7.127
7.127
7.127
7.127
6.96
7.043
7.102
7.102
7.102
7.083
7.083
7.083
7.017
7.017
6.998
6.998
7.015
6.985
6.961
6.956
6.96
6.909
7.325
7.764
7.764
7.764
7.764
7.764
7.764
7.764
7.764
7.764
7.764
7.764
7.719
7.719
7.719
7.719
7.719
7.719
7.719
7.576
7.576
7.576
7.576
7.576
7.576
7.576
7.576
7.576
7.576
7.576
7.259
7.259
7.259
7.259
7.259
7.259
7.208
7.208
7.561
7.561
7.561
7.561
7.561
7.561
7.431
7.431
7.431
7.431
7.431
7.431
7.431
7.431
7.431
7.431
7.431
7.431
7.537
7.537
7.537
7.7
7.7
7.7
7.7
7.7
7.7
7.7
7.7
7.7
7.7
7.7
7.7
7.333
7.333
7.333
7.333
7.333
7.333
7.333
7.333
7.333
7.453
7.453
7.453
7.453
7.732
7.732
7.732
7.732
7.732
7.732
7.732
7.732
7.732
7.445
7.445
7.445
7.445
7.445
7.445
7.445
7.445
7.445
7.544
7.544
7.544
7.454
7.454
7.454
7.454
7.454
7.454
7.454
7.454
7.454
7.145
7.145
7.145
7.145
7.145
7.112
7.078
7.078
7.078
7.078
7.078
6.977
7.005
7.005
7.087
7.087
7.029
7.029
7.029
7.027
7.041
7.041
7.041
7.068
7.105
7.105
7.105
7.105
7.16
7.141
7.141
7.141
7.141
7.177
7.177
7.19
7.19
7.137
7.137
7.123
7.123
7.076
7.076
6.99
6.99
7.066
7.066
6.98
6.935
7.07
7.103
7.105
7.105
7.105
7.095
7.095
7.089
7.089
7.089
6.96
6.937
6.962
7.025
6.938
6.901
7.008
7.043
7.043
7.043
7.005
7.088
7.088
7.088
6.946
7.054
7.08
7.08
7.08
7.08
7.08
7.113
7.191
7.191
7.191
7.191
7.191
6.963
7.072
6.939
6.939
6.944
6.944
6.944
7.075
6.921
6.892
7.102
7.313
7.313
7.313
7.313
7.313
7.313
7.244
7.244
7.298
7.298
7.298
7.298
7.298
7.298
7.05
7.05
7.05
7.05
7.05
7.061
7.158
7.158
7.158
7.158
7.158
7.019
7.019
7.019
7.019
7.081
7.132
7.132
7.132
7.132
7.113
7.113
7.113
6.989
6.989
6.989
6.902
6.939
7.077
7.123
6.971
6.923
6.963
6.988
6.988
6.988
7.003
7.003
7.026
7.026
7.026
6.898
6.898
6.925
7.056
7.056
7.008
7.008
7.008
7.008
7.025
7.184
7.184
7.184
7.184
7.091
7.091
7.091
7.091
6.971
6.971
6.971
6.971
7.068
7.064
7.064
7.064
7.064
7.064
7.064
7.113
7.382
7.382
7.382
7.382
7.382
7.382
7.382
7.382
7.293
7.293
7.293
7.293
7.221
7.221
7.221
7.221
7.221
7.221
7.221
7.221
7.016
7.016
8.693
8.693
7.493
7.111
7.185
7.185
7.185
7.185
12.624
12.624
7.291
7.291
7.291
7.291
7.275
7.275
7.275
7.099
7.099
7.099
7.309
7.249
7.249
7.249
7.249
7.249
7.249
7.213
7.213
7.213
7.099
7.099
7.099
7.099
7.099
7.099
6.968
7.045
7.059
7.059
7.059
7.059
7.165
7.165
7.074
7.074
7.074
7.074
7.033
7.033
6.982
6.982
7.262
7.262
7.239
7.239
7.239
7.239
7.239
7.239
7.239
7.239
7.239
7.29
7.29
7.506
7.506
7.506
7.506
7.506
7.506
7.506
7.506
7.506
7.315
7.315
7.315
7.315
7.315
7.315
7.315
7.315
7.339
7.339
7.339
7.266
7.266
7.266
7.266
7.266
7.266
7.266
7.266
6.997
6.997
7.022
7.022
7.173
7.173
7.073
7.073
7.073
7.073
7.221
7.221
7.132
7.132
7.132
7.132
7.009
7.009
7.009
7.009
7.011
7.099
7.099
7.099
7.099
7.027
7.027
7.027
7.125
7.125
7.125
7.881
7.881
7.881
7.954
7.954
7.954
7.954
7.954
7.954
7.954
7.954
7.954
7.954
7.954
7.954
7.954
7.954
7.954
7.954
7.954
7.954
7.954
7.954
7.954
7.954
7.954
7.954
8.181
8.181
8.471
8.471
8.471
8.471
8.471
8.471
8.471
8.471
8.471
8.471
8.471
8.471
8.471
8.471
8.471
8.471
8.471
8.471
8.471
8.471
8.471
8.471
8.471
8.471
7.53
7.53
7.53
7.53
7.53
7.53
7.53
7.53
7.53
7.679
7.679
7.679
7.679
7.861
7.861
7.861
7.861
7.861
7.861
7.861
7.861
7.861
7.618
7.618
7.618
7.618
7.618
7.618
7.618
7.618
7.618
7.618
7.618
7.618
7.618
7.858
7.858
7.858
7.858
7.858
8.378
8.378
8.378
8.378
8.378
8.378
8.378
8.378
8.378
8.378
8.378
8.378
8.378
7.992
7.992
7.992
7.992
7.992
7.992
7.992
7.992
7.992
7.992
7.992
7.992
7.992
7.992
7.992
7.992
7.992
7.992
7.992
7.992
7.992
8.016
8.016
8.016
8.016
8.521
8.521
8.521
8.521
8.521
8.521
8.521
8.521
8.521
8.521
8.521
8.521
8.521
8.521
8.521
8.521
8.521
8.521
8.521
8.521
8.521
7.698
7.698
7.698
7.698
7.698
7.698
7.698
7.698
7.698
7.698
7.698
7.698
7.6
7.6
7.6
7.6
7.884
7.884
7.884
7.884
7.884
7.884
7.884
7.884
7.884
7.884
7.884
7.884
7.464
7.464
7.464
7.464
7.464
7.464
7.464
7.464
7.464
7.464
7.464
7.464
7.464
7.559
7.559
8.073
8.073
8.073
8.073
8.073
8.073
8.073
8.073
8.073
8.073
8.073
8.073
8.073
7.536
7.536
7.536
7.536
7.536
7.536
7.536
7.536
7.536
7.745
7.745
7.745
7.521
7.521
7.521
7.521
7.521
7.521
7.521
7.521
7.521
7.412
7.412
7.412
7.412
7.412
7.412
7.532
7.532
7.532
7.532
7.532
7.532
7.441
7.441
7.441
7.441
7.441
7.441
7.441
7.441
7.441
7.523
7.523
7.523
7.689
7.689
7.689
7.689
7.689
7.689
7.689
7.689
7.689
7.262
7.262
7.262
7.262
7.262
7.262
7.262
7.262
7.262
7.262
7.319
7.703
7.703
7.703
7.703
7.703
7.703
7.703
7.703
7.703
7.703
7.408
7.408
7.408
7.408
7.408
7.408
7.408
7.408
7.408
7.408
7.457
7.457
7.457
7.444
7.444
7.444
7.444
7.444
7.444
7.444
7.444
7.444
7.444
7.048
7.048
7.277
7.277
7.29
7.29
7.29
7.29
7.164
7.091
7.091
7.091
7.091
6.956
6.946
6.932
6.951
6.959
6.955
6.934
7.145
7.152
7.152
7.152
7.152
7.152
7.602
7.602
7.845
7.845
7.845
7.845
7.845
7.365
7.365
7.365
7.164
7.164
7.164
7.164
7.164
7.119
7.109
7.109
7.109
7.109
7.109
7.082
7.082
7.091
7.193
7.193
7.183
7.183
7.183
7.183
7.183
7.217
7.217
7.236
7.236
7.236
7.236
7.236
7.034
7.034
7.034
7.092
7.335
7.335
7.335
7.362
7.362
7.362
7.362
7.362
7.362
7.362
7.362
7.561
7.561
7.561
7.652
7.652
7.652
7.652
7.652
7.652
7.652
7.652
7.361
7.361
7.361
7.361
7.361
7.361
7.361
7.3
7.3
7.794
7.794
7.794
7.794
7.794
7.794
7.794
7.537
7.537
7.537
7.537
7.537
7.537
7.537
7.537
7.537
7.537
7.537
7.537
7.537
7.797
7.797
7.797
7.797
7.715
7.715
7.715
7.715
7.715
7.715
7.715
7.715
7.715
7.715
7.715
7.715
7.715
7.195
7.195
7.195
7.195
7.195
7.122
7.662
7.662
7.662
7.662
7.662
7.806
7.806
7.806
7.806
7.806
7.806
7.806
7.806
7.806
7.648
7.648
7.648
7.648
7.648
7.648
7.648
7.648
7.648
7.298
7.298
7.298
7.298
7.298
7.298
7.298
7.298
7.298
7.399
7.399
7.399
7.399
7.6
7.6
7.6
7.6
7.6
7.6
7.6
7.6
7.6
7.309
7.309
7.309
7.309
7.309
7.309
7.309
7.309
7.309
7.309
7.812
7.812
8.242
8.242
8.242
8.242
8.242
8.242
8.242
8.242
8.242
8.242
7.747
7.747
7.747
7.747
7.747
7.747
7.747
7.747
7.747
7.747
7.747
7.82
7.82
7.82
7.82
17.653
17.653
17.653
17.653
17.653
17.653
17.653
17.653
17.653
17.653
17.653
17.193
17.193
17.193
17.193
17.193
17.193
17.193
17.193
17.193
7.868
8.037
8.037
8.037
8.037
8.037
8.037
8.037
8.037
8.037
7.539
7.539
7.539
7.539
7.539
7.539
7.539
7.539
7.539
7.539
7.438
7.438
7.438
7.591
7.591
7.591
7.591
7.591
7.591
7.591
7.591
7.591
7.591
13.663
13.663
13.663
13.663
13.663
13.663
13.663
13.663
7.367
7.367
7.367
7.568
7.568
7.568
7.568
7.568
7.568
7.568
7.568
7.067
7.067
7.182
7.182
7.187
7.187
7.187
7.187
7.187
7.263
7.303
7.303
7.303
7.303
7.303
7.32
7.32
7.32
7.32
7.32
7.209
7.209
7.209
7.209
18.834
18.834
18.834
18.834
18.834
7.366
7.366
7.366
7.366
7.16
7.088
7.088
7.088
7.088
6.998
7.004
7.004
7.128
7.242
7.242
7.242
7.242
7.242
7.242
7.248
7.248
7.248
7.394
7.394
7.394
7.394
7.394
7.394
7.042
7.042
7.042
7.263
7.132
7.132
7.132
7.015
7.074
7.21
7.21
7.21
7.21
7.217
7.217
7.217
7.217
7.14
7.14
7.14
7.119
7.119
7.119
7.14
7.14
7.14
7.151
7.151
7.151
7.151
7.188
7.111
7.111
7.111
7.111
7.021
7.258
7.182
7.182
7.182
7.182
7.182
7.182
7.224
7.224
7.23
7.23
7.23
7.23
7.23
7.23
6.966
7.003
7.143
7.143
7.044
7.044
7.415
7.415
7.224
7.224
7.224
7.224
7.193
7.193
7.193
7.193
6.849
7.195
7.324
7.324
7.324
7.324
7.324
7.079
7.079
7.079
7.079
7.079
7.208
7.194
7.194
6.906
7.013
7.016
7.016
7.016
6.928
7.084
6.995
7.006
7.006
7.038
7.038
7.012
7.012
6.949
6.921
7.078
7.312
7.052
7.052
7.052
7.052
7.088
7.433
7.433
7.433
7.433
7.283
7.283
7.283
7.283
7.283
7.283
7.283
7.283
7.283
7.346
7.346
7.322
7.322
7.322
7.322
7.322
7.322
7.322
7.322
7.322
6.907
6.925
7.322
7.513
7.513
7.513
7.516
7.516
7.516
7.121
6.882
6.857
6.922
6.919
6.961
6.917
6.973
6.932
6.963
6.94
6.937
6.914
6.927
6.981
6.998
6.962
7.106
7.031
6.943
6.983
7.431
7.319
7.319
7.319
7.319
7.319
7.17
7.17
7.273
7.273
7.273
7.273
7.273
6.978
6.949
6.912
6.967
6.961
6.961
6.887
6.902
6.886
7.082
7.107
7.107
7.107
7.107
7.107
7.294
7.294
7.295
7.295
7.295
7.295
7.295
7.405
7.405
7.405
7.405
7.405
7.405
7.197
7.197
7.253
7.253
7.253
7.253
7.253
7.253
7.125
7.125
7.125
7.125
8.326
8.326
8.326
7.083
7.083
7.083
7.083
6.894
7.039
7.077
7.077
7.077
7.077
7.172
7.172
7.172
7.166
7.166
7.166
7.166
7.023
7.023
7.023
7.023
7.076
7.037
7.037
7.037
7.037
6.91
8.254
6.948
6.947
6.917
7.022
7.004
7.004
6.981
6.981
7.001
6.948
7.083
7.018
6.921
6.949
18.34
18.34
7.117
7.117
7.084
7.084
7.088
7.088
7.088
7.088
7.128
7.128
7.071
7.071
7.071
7.071
7.025
6.899
6.952
6.936
6.884
6.954
6.926
7.052
7.143
7.143
7.143
7.104
7.104
7.104
7.123
7.123
7.123
7.151
7.151
7.151
7.049
7.049
7.049
7.162
7.162
7.071
7.092
7.092
7.001
6.938
7.018
15.426
13.686
13.844
13.928
13.925
14.061
14.061
14.061
14.154
14.154
14.154
13.721
13.661
13.661
13.606
13.6
13.62
13.677
13.79
13.951
13.939
13.939
13.939
13.939
13.88
13.88
13.88
13.88
13.714
13.711
13.62
13.648
13.667
13.701
13.722
13.749
13.765
13.765
13.702
13.702
13.632
13.679
13.707
13.715
13.715
13.72
13.791
13.884
13.884
13.967
13.83
13.733
13.615
13.672
13.704
13.799
13.799
13.906
13.906
13.653
13.608
13.733
14.236
14.357
14.357
14.357
14.357
14.011
14.011
13.749
13.749
13.749
13.749
13.635
13.628
13.691
13.691
13.658
13.783
13.783
14.082
13.991
13.991
14.17
13.915
13.915
13.961
13.961
13.72
13.707
13.912
14.012
13.689
13.629
13.609
13.783
13.788
13.746
13.657
13.618
13.679
13.687
13.618
13.74
13.788
14.157
14.157
14.157
14.157
14.267
14.267
14.327
14.327
14.327
14.327
14.445
14.445
14.445
14.445
14.445
14.445
13.994
13.994
13.994
13.994
13.994
13.994
13.914
13.914
13.914
13.982
13.979
13.979
13.979
13.896
13.896
13.896
13.896
14.052
14.052
14.363
14.363
14.363
14.363
14.25
14.25
14.25
14.25
14.25
14.25
14.25
14.326
14.326
14.326
14.495
14.495
14.495
14.495
14.495
14.495
14.495
14.634
14.634
14.634
14.634
14.634
14.634
14.634
14.634
14.634
14.634
14.634
14.756
14.756
14.756
14.756
14.756
14.756
14.554
14.554
14.554
14.554
14.554
14.554
14.554
14.554
14.554
14.554
14.554
14.523
14.523
14.523
14.523
14.523
14.523
14.523
14.523
14.523
14.523
14.362
14.362
14.362
14.362
14.446
14.446
14.446
14.446
14.446
14.446
14.446
14.446
14.446
14.446
14.193
14.193
14.193
14.193
14.193
14.193
14.313
14.313
14.313
14.313
14.451
14.451
14.451
14.451
14.451
14.451
14.513
14.513
14.513
14.513
14.513
14.513
14.513
14.337
14.337
14.337
14.337
14.337
14.337
14.337
14.337
14.053
14.053
14.053
14.053
14.053
14.053
14.053
13.914
13.914
13.914
13.914
14.115
14.115
14.197
14.197
14.197
14.197
14.893
14.893
14.893
14.893
14.893
14.893
14.893
14.893
14.893
14.654
14.654
14.654
14.918
14.918
14.918
14.918
14.918
14.918
14.918
14.918
14.918
14.826
14.826
14.826
14.826
14.826
14.826
14.826
14.826
14.826
14.639
14.639
14.352
14.352
14.352
14.352
14.352
14.352
14.352
14.352
14.352
13.984
13.984
13.984
13.984
14.186
14.186
14.186
14.425
14.425
14.425
14.425
14.511
14.511
14.511
14.511
14.511
14.511
14.511
14.295
14.295
14.295
14.295
14.295
14.295
14.295
14.314
14.314
14.314
14.314
14.314
14.314
14.314
14.314
14.501
14.501
14.353
14.353
14.353
14.353
14.353
14.353
14.353
14.353
14.278
14.278
14.278
14.278
14.278
14.278
14.278
14.149
14.149
14.149
14.149
14.2
14.2
14.2
14.2
14.2
14.2
14.2
14.038
14.038
14.038
14.038
13.964
13.964
13.964
13.964
13.963
13.963
13.963
13.963
14.029
14.029
13.973
13.973
13.973
13.973
14.142
14.142
14.142
14.142
14.142
14.142
14.142
13.864
13.909
13.909
13.909
13.909
13.909
13.909
13.909
13.649
13.611
13.741
13.876
14.295
14.295
14.295
14.295
14.295
14.088
14.088
14.088
14.019
14.019
14.019
14.019
14.019
13.837
13.837
13.962
13.962
13.962
13.924
13.924
14.109
14.109
14.109
14.109
14.109
14.109
14.284
14.284
14.284
14.27
14.27
14.27
14.27
14.27
14.27
14.477
14.477
14.477
14.477
14.477
14.477
14.477
14.477
14.477
14.477
14.649
14.649
14.649
14.462
14.462
14.462
14.462
14.462
14.462
14.462
14.462
14.462
14.462
14.41
14.41
14.41
14.41
14.373
14.373
14.143
14.143
14.143
14.143
13.998
13.998
13.998
13.998
13.863
13.863
13.883
13.883
13.883
13.883
13.945
13.945
13.945
13.945
13.757
13.757
13.742
13.742
13.742
13.742
13.618
13.789
13.877
14.107
14.107
14.107
14.107
14.107
14.107
14.107
13.938
13.938
13.901
13.901
13.901
13.901
13.901
13.901
13.901
13.71
13.71
14.292
14.072
14.072
14.021
14.021
14.021
13.939
13.867
13.867
13.867
13.744
13.744
13.744
13.693
13.693
13.693
13.604
13.727
13.776
13.944
13.944
13.944
13.944
13.981
13.981
14.185
14.185
14.185
14.185
13.976
13.976
13.976
13.976
13.976
13.768
13.729
13.729
13.729
13.729
13.729
13.579
13.732
13.628
13.634
13.581
13.6
13.664
13.672
13.639
13.833
13.87
14.171
14.171
14.171
14.171
14.171
14.171
14.18
14.18
14.18
13.978
13.978
13.978
13.978
13.978
13.978
13.786
13.909
14.034
14.034
14.034
14.172
14.172
14.172
14.172
14.229
14.229
14.229
14.446
14.446
14.446
14.446
14.446
14.446
14.476
14.476
14.476
14.476
14.476
14.476
14.476
14.138
14.138
14.138
14.138
14.138
14.138
13.729
13.739
13.762
13.762
13.805
13.899
13.899
13.881
13.881
13.881
14.125
14.125
14.169
14.169
14.169
14.463
14.463
14.463
14.463
14.463
14.463
14.463
14.463
14.463
14.564
14.564
14.564
14.623
14.623
14.623
14.623
14.623
14.623
14.623
14.623
14.623
14.764
14.764
14.764
14.764
14.764
14.764
14.764
14.764
14.764
14.906
14.906
14.906
14.771
14.771
14.771
14.771
14.771
14.771
14.771
14.771
14.771
14.432
14.432
14.432
14.432
14.432
14.432
14.432
14.383
14.383
14.383
14.318
14.318
14.318
14.318
14.318
14.318
14.318
14.213
14.213
14.213
14.213
14.403
14.462
14.462
14.462
14.462
14.684
14.684
14.684
14.684
14.684
14.684
14.684
14.684
14.684
14.684
14.684
14.453
14.453
14.453
14.428
14.428
14.428
14.428
14.428
14.428
14.428
14.428
14.428
14.428
14.428
14.061
14.061
14.061
13.932
13.932
13.932
13.809
13.809
13.809
13.71
13.736
13.941
13.777
13.802
13.807
13.817
13.979
13.979
13.979
13.801
13.866
13.866
13.866
13.793
13.818
13.929
13.929
13.929
14.055
14.197
14.197
14.197
14.3
14.3
14.3
14.3
14.3
14.3
14.141
14.141
14.141
14.141
14.141
14.141
14.084
14.084
14.084
14.084
14.084
14.189
14.189
14.169
14.169
14.169
14.169
14.169
14.202
14.202
14.202
13.964
14.117
14.117
14.117
13.94
13.94
13.94
13.835
13.835
13.835
14.175
14.175
13.844
13.942
13.942
13.94
13.94
13.94
13.94
13.827
13.827
13.827
13.827
13.749
13.73
13.857
13.857
13.857
13.768
13.815
13.815
13.815
18.504
18.504
13.807
14.114
14.114
14.244
14.244
14.244
14.244
14.244
14.075
14.075
14.075
14.075
14.075
14.041
14.041
14.041
14.041
14.041
14.041
13.914
13.829
13.829
13.829
13.829
13.829
13.829
13.655
13.918
13.803
13.94
18.499
18.499
18.499
18.499
18.499
18.499
18.405
18.405
14.201
14.201
14.201
14.201
14.201
14.201
13.964
13.964
13.964
13.964
13.937
13.937
13.937
13.937
14.03
14.03
14.03
14.03
14.03
13.994
13.994
14.072
14.072
14.072
14.072
14.072
14.004
14.004
14.004
14.004
13.999
13.999
13.999
13.999
13.855
13.855
13.855
13.855
13.746
13.746
13.746
13.746
13.713
13.728
13.829
13.829
13.829
13.829
13.759
13.709
13.709
13.709
13.709
13.646
13.703
13.848
13.848
13.848
13.932
15.807
15.807
15.807
14.272
14.272
14.272
14.272
14.272
14.272
14.016
14.016
14.016
14.016
14.016
13.819
13.819
13.819
13.819
13.819
13.819
13.622
13.612
13.748
14.113
13.781
13.703
13.717
13.717
13.748
13.849
13.849
13.953
13.953
13.953
14.001
14.001
13.934
13.934
13.934
13.847
13.847
13.847
14.061
14.083
14.083
14.083
14.39
14.39
14.39
14.39
14.39
14.39
14.39
14.39
14.39
13.977
14.024
14.024
14.024
14.024
14.024
14.024
14.024
14.024
14.024
13.872
13.838
14.065
14.065
14.065
14.065
14.065
14.065
14.092
14.344
14.344
14.344
14.344
14.344
14.344
14.796
14.796
14.796
14.796
14.796
14.796
14.796
14.851
14.851
14.851
14.851
14.851
14.851
14.851
15.117
15.117
15.117
15.117
15.117
15.117
15.117
15.117
15.117
15.117
15.117
15.117
15.117
15.117
15.117
15.117
15.117
15.117
14.902
14.902
14.902
14.796
14.796
14.796
14.796
14.796
14.796
14.796
14.796
14.796
14.796
14.796
14.796
14.796
14.796
14.796
14.796
14.796
14.796
14.794
14.794
14.794
14.794
14.794
14.794
14.794
14.794
14.794
14.794
14.47
14.596
14.596
14.596
14.596
14.596
14.596
14.596
14.596
14.596
14.596
14.761
14.761
14.761
14.761
14.761
14.761
14.761
14.761
14.761
14.761
14.761
14.761
14.761
14.245
14.245
14.245
14.245
14.245
14.154
14.154
14.154
14.154
14.154
14.154
14.154
14.154
14.154
14.154
14.154
14.154
14.154
14.073
14.561
14.966
14.966
14.966
14.966
14.966
14.966
14.966
14.966
14.966
14.966
14.966
14.966
14.966
14.611
14.611
14.611
14.611
14.611
14.611
14.611
14.611
14.611
14.611
14.611
14.611
14.611
14.58
14.58
14.58
14.58
14.58
14.58
14.58
14.58
14.58
14.58
14.58
14.58
14.632
14.632
14.632
14.632
15.011
15.011
15.011
15.011
15.011
15.011
15.011
15.011
15.011
15.011
15.011
15.011
15.181
15.181
15.181
15.181
15.181
15.181
15.181
15.181
15.181
15.181
15.181
15.181
15.069
15.069
15.069
15.069
15.069
15.069
15.069
15.069
15.069
15.069
15.069
15.069
15.269
15.269
15.269
15.269
15.269
15.269
15.269
15.269
15.269
15.269
15.269
15.269
15.269
15.269
15.269
15.269
15.269
15.269
15.031
15.031
15.031
15.031
15.031
15.031
15.031
14.824
14.824
14.824
14.824
14.824
14.824
14.824
14.824
14.824
14.824
14.824
14.824
14.824
14.824
14.824
14.824
14.824
14.824
14.701
14.701
14.701
14.701
14.701
14.701
14.701
14.701
14.701
14.701
14.701
14.701
14.701
14.719
14.719
14.719
14.657
14.657
14.657
14.657
14.657
14.657
14.657
14.657
14.657
14.657
14.657
14.657
14.657
14.738
14.738
14.738
14.738
14.738
14.738
14.738
14.738
14.738
14.738
15.048
15.048
15.048
15.048
15.048
14.768
14.768
14.768
14.768
14.768
14.768
14.768
14.768
14.768
14.768
14.916
14.916
14.916
14.916
14.916
14.916
14.916
14.916
14.916
14.916
14.916
14.916
14.916
14.916
14.916
14.916
14.794
14.924
14.924
14.924
14.924
14.924
14.924
14.924
14.924
14.924
14.924
14.924
14.924
14.924
14.924
14.924
14.924
14.938
14.938
14.938
14.938
14.938
14.938
14.938
14.938
14.938
14.938
14.938
14.938
14.938
14.938
14.938
14.938
14.844
14.844
15
15
15
15
15
15
15
15
15
15
15
15
15
15
15
15
15.393
15.393
15.393
15.393
15.393
15.393
15.393
15.393
15.393
15.393
15.393
15.393
15.393
15.393
15.31
15.31
15.31
15.31
15.052
15.052
15.052
15.052
15.052
15.052
15.052
15.052
15.052
15.052
15.052
15.052
15.052
15.052
14.852
14.852
14.852
14.852
14.852
14.852
14.852
14.852
14.852
14.852
14.852
14.852
14.852
14.852
14.852
14.601
14.601
14.601
14.557
14.557
14.557
14.557
14.557
14.557
14.557
14.557
14.557
14.557
14.557
14.557
14.557
14.557
14.557
14.394
14.394
14.394
14.394
14.394
14.394
14.394
14.394
14.45
14.45
14.409
14.409
14.409
14.409
14.409
14.409
14.409
14.409
14.676
14.676
14.676
14.676
14.676
14.676
14.676
14.676
14.676
14.676
14.676
14.152
14.152
14.152
14.091
14.091
14.091
14.091
14.091
14.091
14.091
14.091
14.091
14.091
14.091
13.761
13.761
13.972
14.041
14.041
14.272
14.272
14.272
14.272
14.272
14.272
14.272
14.039
14.039
14.039
14.039
13.941
13.941
13.941
13.941
13.941
13.941
13.941
13.736
13.809
13.818
13.818
13.818
13.954
13.954
13.842
13.842
13.842
13.999
13.999
13.999
13.999
13.999
13.999
13.977
13.975
13.975
13.975
13.975
13.975
13.975
13.825
13.825
13.825
13.999
13.999
13.999
13.94
13.94
13.94
14.132
14.132
14.132
14.132
14.132
14.132
14.14
14.229
14.229
14.229
14.229
14.229
14.229
14.107
14.107
14.107
14.107
14.107
14.137
14.137
14.137
14.006
14.006
14.006
14.006
14.006
13.879
13.879
13.879
13.879
14.011
14.011
14.06
14.06
14.06
14.06
14.264
14.264
14.264
14.264
14.264
14.238
14.238
14.016
14.016
14.016
14.016
14.016
13.879
13.879
14.099
14.099
14.354
14.354
14.354
14.354
14.354
14.354
14.245
14.245
14.245
14.245
14.245
14.245
14.262
14.262
14.262
14.262
14.262
14.262
14.262
14.262
14.292
14.292
14.292
14.381
14.381
14.381
14.381
14.381
14.381
14.381
14.381
14.355
14.355
14.355
14.355
14.355
14.355
14.355
14.263
14.229
14.229
14.229
14.229
14.229
14.229
14.229
14.407
14.407
14.407
14.407
14.407
14.407
14.407
14.407
14.407
14.407
14.407
14.434
14.447
14.447
14.447
14.447
14.447
14.447
14.447
14.447
14.447
14.447
14.447
14.322
14.322
14.322
14.322
14.322
14.322
14.322
14.322
14.322
14.051
14.051
13.962
13.962
13.962
13.962
13.962
13.962
13.962
13.962
13.962
14.19
14.234
14.92
14.92
14.92
14.92
14.92
14.92
14.92
14.92
14.92
14.92
14.92
14.92
14.92
14.92
14.92
14.92
14.714
14.778
14.778
14.778
14.778
14.778
14.778
14.778
14.778
14.778
14.778
14.778
14.778
14.778
14.778
14.778
14.778
14.589
14.589
14.589
14.589
14.589
14.589
14.589
14.589
14.589
14.589
14.589
14.589
14.26
14.26
14.26
14.255
14.255
14.255
14.255
14.255
14.255
14.255
14.255
14.255
14.255
14.255
14.255
14.25
14.25
14.25
13.923
13.923
13.923
14.065
14.065
14.065
14.065
14.065
14.065
14.204
14.204
14.591
14.591
14.591
14.591
14.591
14.591
14.451
14.451
14.451
14.451
14.451
14.451
14.451
14.451
14.451
14.144
14.144
14.191
14.191
14.191
14.191
14.191
14.191
14.191
14.191
14.191
14.004
14.004
14.004
14.325
14.325
14.325
14.632
14.632
14.632
14.632
14.632
14.632
14.295
14.295
14.295
14.295
14.295
14.142
14.142
14.142
14.142
14.142
14.142
14.223
14.223
14.223
14.223
14.223
14.223
14.293
14.293
14.293
14.293
14.451
14.451
14.451
14.451
14.451
14.451
14.632
14.632
14.632
14.632
14.632
14.632
14.632
14.377
14.377
14.377
14.377
14.377
14.377
14.377
14.377
14.227
14.227
14.227
14.227
14.227
14.227
14.227
13.971
13.971
13.971
13.971
14.038
14.038
14.038
14.038
13.922
13.922
13.766
13.766
13.732
13.872
13.871
13.871
13.871
13.767
13.767
13.767
13.639
13.667
13.668
13.808
13.795
13.987
13.987
13.987
13.987
14.19
14.126
14.126
14.126
14.126
14.236
14.236
14.236
14.236
14.236
14.236
14.196
14.196
14.196
14.078
14.078
14.078
14.078
14.078
14.078
13.869
13.869
13.869
13.937
13.928
13.928
13.928
13.991
13.991
13.991
13.991
13.816
13.863
13.863
13.863
13.863
13.721
13.775
13.781
13.87
13.87
13.696
14.115
14.155
14.172
14.254
14.149
14.259
14.259
14.259
14.259
14.259
14.259
14.259
14.13
14.13
14.246
14.246
14.246
14.246
14.246
14.246
14.246
14.091
14.091
14.091
14.091
14.091
13.952
13.952
13.952
13.952
13.952
18.328
18.328
18.328
14.645
16.158
16.158
16.158
14.654
14.654
14.654
14.654
14.654
14.654
14.654
14.654
14.654
14.323
14.323
14.203
14.203
14.203
14.203
14.203
14.203
14.203
14.203
14.203
13.907
13.907
13.907
13.907
13.907
14.029
14.029
14.029
14.029
14.096
14.096
14.096
14.096
13.928
13.928
13.928
13.798
13.798
13.798
13.798
13.78
13.759
13.822
13.822
14.169
14.169
14.144
14.144
14.513
14.513
14.513
14.513
14.513
14.513
14.513
14.513
14.513
14.513
14.513
14.341
14.341
14.085
14.085
14.085
14.085
14.085
14.085
14.085
14.085
14.085
14.085
14.085
13.862
13.938
14.211
14.211
14.211
14.211
14.211
14.211
14.211
14.167
14.167
14.13
14.13
14.13
14.13
14.13
14.13
14.13
14.06
14.06
14.06
14.06
14.06
14.06
13.951
14.001
14.001
14.001
14.001
14.001
14.001
14.197
14.197
14.197
13.882
13.882
13.882
13.805
13.805
13.805
13.789
13.789
13.789
13.932
13.949
13.949
13.741
13.778
13.756
13.828
13.828
13.828
13.926
13.934
13.934
13.934
13.762
13.68
13.707
13.913
13.962
13.852
13.781
13.685
13.674
13.66
13.819
14.025
14.057
14.057
14.057
14.057
14.057
14.057
13.99
13.99
13.99
13.99
13.99
13.99
13.878
13.878
13.692
13.692
13.634
13.624
13.802
13.816
13.954
13.954
14.244
14.244
14.402
14.402
14.402
14.402
14.402
14.164
14.164
14.164
14.164
14.164
13.963
13.963
13.966
13.966
14.022
14.022
14.045
14.045
13.898
13.898
13.782
13.782
13.854
13.937
13.937
13.682
13.806
14.614
13.89
13.925
13.879
13.879
13.879
13.859
13.859
13.859
13.849
13.849
13.833
13.833
14
14
14
14.06
14.127
14.127
14.127
14.245
14.245
14.245
14.245
14.245
14.224
14.224
14.224
14.224
14.224
14.209
14.209
14.209
14.209
14.209
14.209
14.209
13.998
13.998
14.086
14.086
14.086
14.086
14.086
14.086
14.086
14.02
14.072
14.49
14.49
14.49
14.49
14.49
14.49
14.49
14.49
14.49
14.893
14.966
14.966
14.966
14.966
14.966
14.966
14.966
14.966
14.966
15.177
15.177
15.177
15.177
15.177
15.177
15.177
15.177
15.177
15.177
15.177
15.177
15.177
15.177
15.177
15.177
15.177
14.528
14.528
14.528
14.623
14.623
14.623
14.623
14.623
14.623
14.623
14.623
14.623
14.623
14.623
14.623
14.623
14.623
14.623
14.623
14.623
13.86
14.031
14.302
14.302
14.302
14.302
14.302
14.329
14.329
14.329
14.329
14.329
14.406
14.406
14.406
14.406
14.406
14.406
14.406
14.298
14.298
14.298
14.288
14.288
14.288
14.288
14.288
14.288
14.288
14.193
14.193
14.193
14.193
14.193
14.193
14.244
14.244
14.244
14.349
14.349
14.349
14.349
14.349
14.349
20.743
20.743
20.743
20.743
14.65
14.65
14.65
13.939
13.939
13.939
13.939
13.963
13.963
13.963
13.963
14.071
14.059
14.059
14.059
14.059
14.202
14.202
14.202
14.202
14.202
14.202
14.202
14.292
14.35
14.35
14.35
14.35
14.35
14.35
14.35
14.297
14.297
14.297
14.297
14.297
14.297
14.917
14.917
15.051
15.051
15.051
15.051
15.051
15.051
13.823
13.823
13.823
13.726
13.726
13.726
13.679
13.68
13.67
13.669
13.675
13.852
14.083
14.214
14.214
14.214
14.214
14.214
14.214
14.472
14.472
14.472
14.403
14.403
14.403
14.403
14.403
14.403
14.123
14.123
14.123
14.123
14.123
14.015
14.015
14.015
14.068
14.068
14.068
14.068
14.068
13.703
13.675
13.663
13.737
14.204
13.827
13.827
13.92
13.92
14.161
14.161
13.938
13.938
13.938
13.938
13.796
13.796
13.796
13.796
13.897
14.053
14.214
14.214
14.214
14.214
14.214
14.214
14.096
14.096
14.096
14.196
14.196
14.196
14.196
14.196
14.196
14.539
14.539
14.539
13.929
13.929
13.929
13.932
13.932
13.932
13.932
14.146
14.146
14.344
14.344
14.344
14.344
14.514
14.514
14.514
14.514
14.514
14.514
14.514
13.921
13.921
13.921
13.921
13.921
13.921
13.921
13.701
13.725
13.83
13.83
13.782
13.76
13.76
13.807
13.807
13.807
14.021
13.854
13.854
13.854
13.945
13.945
13.945
13.945
13.919
13.829
13.829
13.829
13.829
13.703
13.738
13.738
13.705
13.655
13.655
13.632
13.759
13.948
13.948
14
14.015
14.015
13.847
13.847
13.847
13.788
13.788
13.788
13.668
13.782
13.908
13.855
13.863
13.698
13.681
13.635
13.637
13.887
13.773
13.816
13.783
13.783
13.987
13.987
14.104
14.104
14.071
14.071
14.071
14.071
14.071
14.185
14.185
14.185
14.185
14.185
13.921
13.921
13.943
13.943
13.825
14.027
14.003
14.003
14.003
13.995
13.995
13.995
13.791
13.819
14.122
14.014
14.014
13.945
13.945
13.958
14.104
14.02
14.02
14.02
14.084
14.084
14.084
14.12
14.12
14.12
13.973
13.973
13.973
13.82
13.82
13.82
13.684
13.67
13.65
13.642
13.864
13.697
13.68
13.625
13.665
13.635
13.659
13.638
13.595
13.599
13.654
13.685
13.638
13.731
13.775
13.827
13.653
13.613
13.721
13.787
13.809
13.85
13.85
13.763
13.813
13.813
13.734
13.691
13.737
13.744
13.728
13.726
13.877
13.891
14.028
14.028
14.028
14.028
14.028
13.882
13.882
13.829
13.829
13.829
13.829
13.829
13.663
13.635
13.618
13.749
13.811
13.879
13.879
13.879
13.78
13.78
13.736
13.736
13.736
13.658
13.653
13.673
13.875
13.717
13.762
13.76
20.194
20.194
20.194
20.1
13.721
13.721
13.721
13.637
13.809
13.978
13.989
13.989
13.989
13.989
13.989
13.803
13.803
13.803
13.803
13.803
13.681
13.679
13.667
13.873
13.866
13.938
13.897
13.898
13.898
13.898
13.983
13.983
13.983
13.928
13.928
13.928
13.928
14.001
14.001
14.001
14.001
13.774
13.774
13.774
13.754
13.754
13.754
14.269
14.06
14.583
14.583
14.583
14.583
14.583
14.583
14.583
14.583
14.583
14.583
14.583
14.583
14.583
14.203
14.313
14.313
14.313
14.313
14.313
14.313
14.313
14.313
14.313
14.313
14.313
14.313
14.313
13.764
13.764
13.764
13.677
13.677
13.677
13.793
14.036
14.07
14.07
14.07
14.07
14.07
14.07
13.948
13.948
13.948
13.948
13.948
13.948
13.853
13.853
13.853
14.151
14.151
14.151
14.064
14.064
14.064
14.24
14.24
14.24
14.24
14.24
14.24
14.24
14.327
14.327
14.327
14.38
14.38
14.38
14.38
14.38
14.38
14.38
14.234
14.234
14.234
14.234
14.234
14.234
14.234
14.505
14.525
14.525
14.525
14.525
14.525
14.525
14.525
14.776
14.776
14.776
14.776
14.776
14.776
14.776
14.776
14.776
14.776
14.381
14.381
14.164
14.164
14.164
14.164
14.164
14.164
14.164
14.164
14.164
14.164
14.179
14.179
13.835
13.836
13.836
13.971
13.971
13.971
13.971
13.971
14.107
14.411
14.411
14.411
14.411
14.411
14.186
14.186
14.186
14.186
14.186
14.186
14.186
14.186
13.969
14.088
14.088
14.088
14.088
14.088
14.088
14.088
14.088
13.966
13.966
13.966
13.839
13.839
13.839
13.853
13.853
13.853
13.853
13.818
14.04
14.04
14.04
14.04
14.11
14.11
14.11
14.11
16.973
16.973
16.973
16.973
16.78
16.78
13.869
13.869
13.893
13.893
13.893
13.758
13.758
13.702
13.702
13.702
13.71
13.804
13.743
13.743
13.689
13.689
13.609
13.608
13.636
13.698
13.685
13.685
13.65
13.65
13.585
13.619
13.602
13.743
13.813
13.992
13.992
13.992
13.992
13.992
13.835
13.835
13.802
13.802
13.802
13.802
13.802
13.794
13.843
14.006
14.006
14.006
14.006
14.006
14.247
14.247
14.243
14.243
14.243
14.243
14.243
14.503
14.503
14.503
14.503
14.503
14.503
14.503
14.503
14.503
14.503
14.503
14.143
14.143
14.189
14.189
14.189
14.189
14.189
14.189
14.189
14.189
14.189
14.189
14.189
13.818
13.818
14.071
14.071
14.071
14.04
14.04
14.327
14.327
14.327
14.327
14.327
14.327
14.327
14.327
14.327
14.139
14.139
14.208
14.208
14.208
14.208
14.208
14.208
14.208
14.208
14.208
13.989
13.989
13.989
13.989
14.069
14.069
14.069
14.069
13.941
13.941
13.941
13.941
13.918
13.918
13.918
13.918
13.809
13.809
13.743
13.743
13.743
13.743
13.639
13.72
13.83
13.83
14.099
14.099
14.099
14.151
14.151
14.432
14.432
14.432
14.432
14.432
14.432
14.432
14.432
14.432
14.076
14.076
14.076
14.076
13.937
13.937
13.937
13.937
13.937
13.937
13.937
13.937
13.937
13.61
13.612
13.879
14.006
14.053
14.053
14.053
14.053
14.053
14.053
14.099
14.201
14.201
14.201
14.201
14.201
14.201
14.535
14.535
14.535
14.535
14.535
14.535
14.535
14.535
14.535
14.527
14.527
14.527
14.452
14.452
14.452
14.452
14.452
14.452
14.452
14.452
14.452
14.544
14.544
14.544
14.544
14.544
14.544
14.544
14.544
14.544
14.307
14.307
14.185
14.185
14.185
14.185
14.185
14.185
14.185
14.185
14.185
14.135
14.135
14.135
14.135
14.135
14.135
14.135
13.973
14.117
14.117
14.117
14.117
14.117
14.117
14.117
14.018
14.018
14.018
13.901
13.901
13.901
13.955
13.955
13.955
13.955
14.036
14.036
14.132
14.132
14.132
14.132
14.245
14.245
14.245
14.245
14.245
14.245
14.245
14.2
14.2
14.2
14.2
14.098
14.098
14.098
14.098
14.098
14.098
14.098
20.049
20.049
20.049
20.049
20.049
20.049
14.697
14.135
14.135
14.135
14.135
14.135
14.135
16.143
16.278
14.088
14.138
14.138
14.138
14.138
14.138
14.138
14.04
14.04
14.04
13.965
13.965
13.965
13.965
13.965
13.965
13.974
13.974
13.974
13.94
14.082
14.082
14.082
14.234
14.234
14.234
14.234
14.234
14.234
14.234
14.224
14.224
14.224
14.224
14.155
14.155
14.155
14.155
14.155
14.155
14.155
13.834
13.834
13.809
13.809
13.905
13.905
14.016
14.016
14.016
14.016
13.874
13.874
13.874
13.874
13.881
13.881
13.881
13.881
13.895
13.864
13.864
13.864
13.864
13.864
13.864
13.864
13.864
13.871
13.979
13.979
13.979
13.979
14.019
14.019
14.019
14.019
13.889
13.889
13.889
13.889
13.92
13.92
13.92
13.92
13.92
13.922
14.08
14.08
14.08
14.08
14.08
13.96
13.96
13.813
13.813
13.813
13.702
13.702
13.772
13.807
13.969
13.969
13.969
13.969
13.969
13.867
13.867
13.856
13.856
13.856
13.856
13.856
13.737
13.737
13.683
13.683
13.724
13.724
13.596
13.6
13.574
13.597
13.623
13.626
13.653
13.713
13.813
13.813
13.742
13.742
13.707
13.707
13.678
13.663
13.663
13.608
13.779
13.814
13.795
13.668
13.674
13.631
13.607
13.711
13.776
13.793
13.793
13.793
13.716
13.716
13.716
13.714
13.818
13.929
13.929
13.929
13.847
13.847
13.811
13.811
13.811
13.842
13.842
13.842
13.742
13.853
13.853
13.853
13.778
13.821
14.029
14.029
14.029
14.029
14.029
14.029
13.941
13.941
14.006
14.006
14.006
14.006
14.006
14.006
13.792
13.792
13.797
13.797
13.91
13.91
13.825
13.825
13.726
13.726
13.78
13.729
13.911
13.911
13.911
13.911
13.79
13.785
13.785
13.785
13.785
13.74
13.74
13.745
13.798
13.798
13.87
13.87
13.87
13.785
13.785
13.785
13.7
13.7
13.7
13.635
13.673
13.665
13.599
13.612
13.74
13.874
13.881
13.881
13.881
13.881
13.769
13.769
13.769
13.769
13.714
13.714
13.655
13.691
13.691
13.642
13.705
13.705
13.722
13.761
13.761
13.711
13.711
13.661
13.661
13.794
13.776
13.957
13.957
13.957
13.957
13.957
13.957
14.078
14.128
14.128
14.128
14.128
14.128
14.128
14.147
14.147
14.147
14.147
14.147
14.147
14.147
14.302
14.302
14.302
14.477
14.477
14.477
14.477
14.477
14.477
14.477
14.494
14.494
14.494
14.494
14.494
14.494
14.494
14.494
14.494
14.3
14.3
14.3
14.3
14.3
14.478
14.478
14.478
14.478
14.478
14.478
14.478
14.478
14.478
14.387
14.387
14.387
14.387
14.387
14.387
14.424
14.424
14.424
14.424
14.424
14.424
14.424
14.288
14.288
14.288
14.288
14.288
14.288
14.391
14.391
14.391
14.391
14.391
14.391
14.391
14.391
14.391
14.057
14.057
14.057
14.057
13.925
13.925
13.925
13.925
13.925
13.925
13.925
13.925
13.925
13.964
14.007
14.243
14.243
14.243
14.243
14.243
14.243
14.243
14.192
14.192
14.192
14.233
14.233
14.233
14.233
14.233
14.233
14.233
14.256
14.256
14.256
14.256
14.256
14.256
14.256
14.006
14.006
14.006
14.006
19.128
19.128
19.128
19.128
19.128
19.128
19.128
19.19
14.077
14.343
14.343
14.343
14.343
14.343
14.343
14.343
14.343
14.087
14.087
14.074
14.074
14.074
14.074
14.074
14.074
14.074
14.074
13.953
13.953
13.953
13.876
13.876
13.876
13.965
13.965
13.965
13.965
13.965
14.03
14.336
14.336
14.336
14.336
14.336
14.203
14.203
14.203
14.203
14.203
14.203
14.06
14.06
14.06
14.06
14.06
14.06
14.101
14.101
14.101
14.101
14.101
14.16
14.16
14.16
14.056
14.056
14.056
14.056
14.056
14.065
14.065
14.065
14.065
14.065
14.065
13.971
13.971
14.011
14.011
14.011
14.011
14.011
14.011
13.883
13.883
13.883
13.883
13.866
13.866
13.935
13.935
13.935
13.935
13.952
13.952
13.952
13.91
13.91
13.91
13.894
13.894
13.894
14
14
14
14.044
14.044
14.044
13.91
13.91
14.013
14.013
14.013
14.013
14.086
14.086
14.317
14.317
14.317
14.317
14.317
14.11
14.11
14.11
14.11
14.11
14.227
14.227
14.227
14.227
13.83
13.867
13.867
13.867
13.867
13.693
13.693
13.726
13.726
13.703
13.71
13.643
13.653
13.69
13.756
13.756
13.734
13.734
13.717
13.717
13.669
13.773
13.884
13.881
13.881
13.881
13.833
13.833
13.833
13.88
13.88
13.761
13.761
13.745
13.708
13.731
13.731
13.719
13.708
13.708
13.766
13.766
13.766
13.7
13.687
13.687
13.687
13.672
13.663
13.713
13.713
13.646
13.673
13.673
13.724
13.708
13.816
13.816
13.816
13.858
13.955
13.955
13.955
13.937
13.937
13.937
13.937
13.809
13.809
13.809
13.809
13.759
13.759
13.759
13.795
13.905
13.905
13.905
13.821
13.821
13.821
13.735
13.735
13.735
13.781
13.884
14.002
14.002
14.002
14.002
14.126
14.126
14.126
14.147
14.147
14.147
14.147
14.336
14.336
14.336
14.336
14.336
14.336
14.336
14.336
14.083
14.083
14.083
14.083
18.14
18.14
18.14
18.14
18.14
18.14
18.14
18.14
14.152
14.925
16.874
16.874
16.874
16.874
16.874
16.874
16.874
16.874
16.874
16.874
16.874
16.874
14.709
14.709
14.725
14.725
14.725
14.725
14.725
14.725
14.725
14.725
14.725
14.725
14.725
14.725
14.822
14.822
14.822
14.822
14.822
14.822
14.822
14.822
14.822
14.822
14.822
14.822
14.822
14.822
14.641
14.641
14.641
14.595
14.595
14.595
14.595
14.595
14.595
14.595
14.595
14.595
14.595
14.595
14.595
14.595
14.595
14.348
14.348
14.348
14.348
14.348
14.348
14.348
14.348
14.348
14.429
14.429
14.429
14.387
14.387
14.387
14.387
14.387
14.387
14.387
14.387
14.387
14.587
14.587
14.587
14.587
14.587
14.587
14.587
14.587
14.587
14.587
14.587
14.587
14.768
14.768
18.356
18.356
18.356
18.356
18.356
18.356
18.356
18.356
18.356
18.356
18.356
18.356
14.352
14.352
14.352
14.352
14.352
14.352
14.352
14.352
14.36
14.36
14.36
14.36
14.293
14.293
14.293
14.293
14.293
14.293
14.293
14.293
14.373
14.373
14.373
14.373
14.373
14.373
14.373
14.373
14.373
14.175
14.175
14.255
14.255
14.255
14.255
14.255
14.255
14.255
14.255
14.255
14.179
14.179
14.179
14.179
14.129
14.129
14.129
14.129
14.18
14.18
14.18
14.18
14.18
14.152
14.152
14.152
14.098
14.098
14.098
14.098
14.098
14.152
14.152
14.152
14.152
14.152
14.152
14.284
14.284
14.284
14.196
14.196
14.196
14.196
14.196
14.196
14.225
14.225
14.225
14.225
14.225
14.225
14.225
14.225
14.433
14.433
14.43
14.43
14.43
14.43
14.43
14.43
14.43
14.43
14.625
14.625
14.625
14.625
14.625
14.625
14.625
14.625
14.625
14.625
14.625
14.625
14.629
14.629
14.629
14.508
14.508
14.508
14.508
14.508
14.508
14.508
14.508
14.508
14.508
14.508
14.508
14.569
14.569
14.569
14.569
14.569
14.569
14.569
14.569
14.569
14.569
14.569
14.569
14.336
14.431
14.431
14.431
14.431
14.431
14.431
14.431
14.431
14.431
14.431
14.431
14.431
14.287
14.287
14.287
14.287
14.287
14.287
14.589
14.589
14.589
14.589
14.58
14.58
14.58
14.58
14.58
14.58
15.046
15.046
15.046
15.046
15.046
15.046
15.046
15.046
15.046
15.046
15.046
15.046
15.046
15.046
15.046
15.046
14.636
14.636
14.636
14.636
14.611
14.611
14.611
14.611
14.611
14.611
14.611
14.611
14.611
14.611
14.611
14.611
14.611
14.611
14.611
14.611
14.133
14.133
14.133
14.133
14.233
14.233
14.233
14.163
14.163
14.163
14.163
14.371
14.371
14.371
14.371
14.371
14.371
14.371
14.371
14.371
14.137
14.137
14.137
14.088
14.088
14.088
14.088
14.088
14.088
14.088
14.088
14.088
13.817
13.817
13.817
13.834
13.834
13.839
13.839
13.839
13.933
13.933
13.933
13.776
13.776
13.742
13.742
13.742
13.688
13.688
13.691
13.699
13.699
13.82
13.82
13.895
13.895
13.983
13.983
13.983
13.983
13.983
13.825
13.839
13.839
13.839
13.839
13.839
13.851
13.979
14.038
14.483
14.483
14.483
14.483
14.483
14.483
14.483
14.483
14.483
14.307
14.307
14.307
14.275
14.275
14.275
14.275
14.275
14.275
14.275
14.275
14.275
14.138
14.138
14.138
14.138
14.138
14.138
14.138
13.912
13.913
13.913
13.913
13.913
13.913
13.913
13.913
13.708
22.554
22.534
13.638
13.668
13.622
13.617
13.621
13.609
13.614
13.6
13.782
13.849
14.057
14.057
14.057
14.057
14.057
14.057
13.937
13.937
13.937
14.075
14.075
14.075
14.075
14.075
14.075
13.853
13.977
13.965
14.13
14.13
14.13
14.13
14.13
14.13
14.13
14.038
14.14
14.14
14.14
14.14
14.14
14.14
14.14
13.87
13.802
13.802
13.802
13.821
14.005
14.005
14.005
13.919
13.919
13.919
13.974
13.974
13.974
13.974
13.977
13.991
13.991
13.991
13.991
13.74
13.74
13.722
13.722
13.855
13.794
13.903
13.903
13.903
13.974
13.974
14.038
14.038
14.038
14.091
14.091
14.091
14.091
14.091
14.091
14.091
14.091
14.091
14.122
14.122
14.122
14.122
14.122
14.122
14.258
14.258
14.258
14.258
14.258
14.258
14.302
14.302
14.302
14.228
14.228
14.228
14.228
14.228
14.228
14.352
14.352
14.352
14.352
14.352
14.352
14.352
14.352
14.151
14.151
14.151
30.688
30.688
30.688
30.688
30.688
30.688
30.688
30.688
30.523
30.523
30.523
30.523
30.523
14.089
14.089
14.089
14.089
13.961
13.961
13.961
13.961
13.961
14.079
14.079
14.079
14.079
14.004
14.004
14.004
13.951
13.951
13.951
13.951
13.87
13.87
13.87
13.791
13.791
13.85
13.85
13.85
13.874
13.779
13.779
13.726
13.664
13.682
13.722
13.872
13.872
14.079
14.079
14.077
14.077
14.077
14.077
14.077
13.964
13.964
13.964
13.964
13.964
13.813
13.813
13.961
13.961
13.869
13.869
13.947
13.947
13.947
13.947
13.911
13.911
13.911
13.803
13.803
13.803
13.803
13.816
13.816
13.816
14.009
14.095
14.095
14.095
14.05
14.05
14.05
14.05
14.05
14.05
13.874
13.924
13.924
13.924
13.924
13.924
13.924
13.791
13.791
13.855
13.855
13.989
13.989
13.989
13.989
13.939
14.153
14.153
14.153
14.153
14.174
14.174
14.174
14.174
14.174
14.232
14.232
14.232
14.28
14.28
14.28
14.28
14.28
14.33
14.33
14.33
14.33
14.33
14.33
14.33
14.33
14.33
14.338
14.338
14.338
14.274
14.274
14.274
14.274
14.274
14.274
14.274
14.274
14.274
14.192
14.192
14.192
14.192
14.192
14.192
14.192
13.962
13.962
13.962
14.11
14.11
14.11
14.11
14.11
14.11
14.11
13.827
14.14
14.14
14.14
14.14
14.14
14.14
14.14
14.14
14.086
14.243
14.243
14.243
14.243
14.243
14.243
14.243
14.243
14.179
14.179
14.179
14.179
14.179
13.929
13.929
13.929
14.112
14.112
14.112
14.112
14.112
14.062
14.409
14.409
14.409
14.409
14.409
14.409
14.409
14.409
14.409
14.53
14.53
14.53
14.53
14.53
14.417
14.417
14.417
14.417
14.417
14.417
14.417
14.417
14.417
14.484
14.484
14.484
14.484
14.484
14.484
14.484
14.484
14.484
14.484
14.484
14.425
14.425
14.425
14.675
14.675
14.675
14.675
14.675
14.675
14.675
14.675
14.675
14.675
14.675
14.597
14.597
14.597
14.597
14.597
14.597
14.597
14.597
14.597
14.387
14.387
14.387
14.387
14.387
14.387
14.387
14.387
14.387
14.478
14.478
14.478
14.478
14.478
14.478
14.478
14.478
14.478
14.478
14.478
14.386
14.386
14.386
14.374
14.374
14.374
14.374
14.374
14.374
14.374
14.374
14.374
14.374
14.374
14.223
14.223
14.223
14.223
14.223
14.223
14.223
14.223
14.262
14.262
14.262
14.452
14.452
14.452
14.452
14.452
14.452
14.452
14.452
14.492
14.492
14.492
14.492
14.492
14.492
14.492
14.492
14.6
14.6
14.6
14.6
14.6
14.6
14.6
14.6
14.377
14.377
14.377
14.377
14.377
14.377
14.377
14.377
14.377
14.377
14.23
14.23
14.23
14.23
14.23
14.23
14.23
14.23
14.23
14.23
14.036
14.036
14.036
13.948
13.948
13.948
14.108
14.108
14.108
14.108
14.108
14.108
14.108
13.886
13.886
13.827
13.827
13.827
13.827
13.827
13.827
13.827
13.581
13.661
13.672
13.756
13.756
13.756
13.672
13.682
13.682
13.682
13.588
13.568
13.627
13.624
13.723
13.723
13.723
13.635
13.656
13.656
13.656
13.64
13.752
13.804
13.804
13.804
13.768
13.768
13.768
13.745
13.745
13.922
13.922
13.922
13.951
13.951
14.179
14.179
14.179
14.179
14.179
14.179
14.179
14.337
14.337
14.337
14.243
14.243
14.243
14.243
14.243
14.243
14.243
14.555
14.555
14.555
14.555
14.555
14.555
14.555
14.555
14.555
14.555
14.555
14.512
14.611
14.611
14.611
14.611
14.611
14.611
14.611
14.611
14.611
14.611
14.611
14.258
14.258
14.258
14.258
14.258
14.258
14.49
14.49
14.674
14.674
14.674
14.674
14.674
14.674
14.88
14.88
14.88
14.88
14.88
14.88
14.88
14.88
14.88
14.88
14.88
14.88
14.745
14.745
14.745
14.745
14.745
14.693
14.693
14.693
14.693
14.693
14.693
14.693
14.693
14.693
14.693
14.693
14.693
14.335
14.335
14.335
14.335
14.335
14.335
14.335
14.335
14.444
14.444
14.785
14.785
14.785
14.785
14.785
14.785
14.785
14.785
14.851
14.851
14.851
14.851
14.851
14.851
14.851
14.851
14.851
14.851
14.851
14.851
14.577
14.577
14.577
14.577
14.577
14.577
14.577
14.577
14.417
14.417
14.417
14.417
14.417
14.417
14.417
14.417
14.417
14.417
14.417
14.417
14.138
14.138
14.138
14.138
14.138
