0.67
0.238
0.292
0.292
0.292
0.296
0.296
0.296
0.197
0.208
0.238
0.238
0.248
0.248
0.225
0.183
0.232
0.232
0.231
0.231
0.265
0.186
0.24
0.24
0.237
0.237
0.213
0.213
0.253
0.253
0.247
0.247
0.369
0.369
0.369
0.369
0.369
0.369
0.369
0.369
0.369
0.369
0.305
0.305
0.305
0.305
0.223
0.223
0.388
0.388
0.388
0.388
0.217
0.222
0.262
0.262
0.262
0.197
0.281
0.281
0.281
0.182
0.185
0.324
0.324
0.196
0.222
0.222
0.22
0.22
0.19
0.407
0.407
0.287
0.287
0.287
0.199
0.321
0.321
0.321
0.309
0.309
0.309
0.309
0.354
0.354
0.322
0.322
0.322
0.322
0.181
0.204
0.299
0.299
0.299
0.299
0.176
0.33
0.33
0.33
0.33
0.22
0.22
0.189
0.236
0.236
0.36
0.36
0.36
0.36
0.36
0.36
0.368
0.368
0.368
0.368
0.368
0.412
0.412
0.412
0.412
0.412
0.412
0.614
0.614
0.614
0.614
0.614
0.614
0.614
0.614
0.614
0.614
0.614
0.256
0.256
0.636
0.636
0.636
0.636
0.636
0.636
0.636
0.636
0.636
0.636
0.636
0.228
0.273
0.273
0.228
0.683
0.683
0.683
0.683
0.683
0.683
0.406
0.406
0.406
0.406
0.406
0.406
0.31
0.31
0.31
0.31
0.204
0.343
0.343
0.343
0.343
0.194
0.213
0.328
0.328
0.328
0.328
0.328
0.337
0.337
0.337
0.337
0.337
0.207
0.207
0.17
0.211
0.211
0.196
0.196
0.207
0.207
0.185
0.246
0.187
0.178
0.431
0.431
0.431
0.431
0.431
0.431
0.267
0.267
0.267
1.657
1.657
1.657
1.657
1.657
1.657
0.278
0.278
0.278
0.302
0.302
0.302
0.183
0.218
0.199
0.18
0.224
0.187
0.189
0.232
0.232
0.381
0.241
0.241
0.267
0.267
0.267
0.296
0.296
0.296
0.281
0.281
0.281
0.196
0.318
0.318
0.318
0.261
0.261
0.232
0.232
0.291
0.291
0.291
0.187
0.263
0.263
0.263
0.198
0.18
0.278
0.272
0.249
0.249
0.259
0.259
0.38
0.38
0.38
0.38
0.25
0.371
0.371
0.371
0.371
0.357
0.357
0.357
0.284
0.351
0.351
0.351
0.274
0.232
0.267
0.267
0.267
0.198
0.286
0.286
0.286
0.43
0.43
0.43
0.43
0.43
0.331
0.331
0.331
0.373
0.373
0.373
0.373
0.373
0.227
0.227
0.218
0.272
0.272
0.273
0.273
0.246
0.246
0.215
0.243
0.331
0.175
0.186
0.2
0.226
0.267
0.219
0.286
0.234
0.284
0.284
0.284
0.188
0.282
0.282
0.282
0.194
0.211
0.26
0.26
0.26
0.307
0.307
0.307
0.42
0.42
0.42
0.42
0.42
0.42
0.258
0.258
0.428
0.428
0.428
0.428
0.428
0.428
0.287
0.287
0.287
0.292
0.292
0.292
0.271
0.271
0.271
0.312
0.312
0.312
0.227
0.206
0.262
0.207
0.224
0.282
0.282
0.282
0.21
0.313
0.313
0.313
0.239
0.203
0.27
0.27
0.27
0.199
0.291
0.291
0.291
0.279
0.279
0.279
0.2
0.285
0.285
0.285
0.229
0.203
0.322
0.322
0.322
0.396
0.396
0.396
0.327
0.327
0.327
0.327
0.29
0.29
0.29
0.347
0.347
0.347
0.347
0.222
0.213
0.209
0.214
0.188
0.273
0.273
0.273
0.288
0.288
0.288
0.214
0.214
0.197
0.248
0.248
0.208
0.311
0.311
0.311
0.311
0.241
0.241
0.365
0.365
0.365
0.365
0.364
0.364
0.364
0.364
0.364
0.392
0.392
0.392
0.392
0.392
0.247
0.247
0.3
0.251
0.251
0.309
0.309
0.309
0.309
0.349
0.349
0.349
0.349
0.187
0.242
0.242
0.216
0.191
0.208
0.348
0.203
0.209
0.353
0.191
0.186
0.313
0.313
0.313
0.313
0.332
0.332
0.332
0.332
0.228
0.228
0.291
0.291
0.291
0.228
0.228
0.278
0.278
0.278
0.296
0.296
0.296
0.256
0.256
0.262
0.262
0.205
0.198
0.207
0.2
0.382
0.382
0.382
0.382
0.382
0.285
0.285
0.285
0.388
0.388
0.388
0.388
0.388
0.356
0.356
0.356
0.356
0.356
0.218
0.361
0.361
0.361
0.361
0.361
0.212
0.219
0.303
0.303
0.323
0.323
0.222
0.251
0.244
0.223
0.35
0.35
0.35
0.35
0.319
0.319
0.319
0.345
0.345
0.345
0.345
0.263
0.263
0.257
0.299
0.299
0.236
0.215
0.231
0.228
0.434
0.434
0.434
0.434
0.434
0.434
0.226
0.496
0.496
0.496
0.496
0.496
0.496
0.416
0.416
0.416
0.416
0.416
0.262
0.418
0.418
0.418
0.418
0.418
0.305
0.305
0.549
0.549
0.549
0.549
0.549
0.549
0.549
0.549
0.549
0.257
0.627
0.627
0.627
0.627
0.627
0.627
0.627
0.627
0.627
0.51
0.51
0.51
0.51
0.51
0.51
0.471
0.471
0.471
0.471
0.548
0.548
0.548
0.548
0.548
0.548
0.389
0.389
0.389
0.389
0.389
0.188
0.37
0.37
0.37
0.37
0.37
0.289
0.289
0.289
0.289
0.271
0.271
0.271
0.313
0.313
0.313
0.313
0.372
0.372
0.372
0.372
0.372
0.372
0.251
0.251
0.514
0.514
0.514
0.514
0.514
0.514
0.208
0.215
0.257
0.257
0.286
0.286
0.303
0.303
0.261
0.261
0.261
0.282
0.282
0.282
0.194
0.219
0.219
0.203
0.216
0.216
0.248
0.248
0.186
0.238
0.238
0.278
0.278
0.189
0.287
0.287
0.287
0.286
0.286
0.286
0.173
0.293
0.249
0.249
0.339
0.339
0.339
0.342
0.342
0.224
0.33
0.33
0.33
0.244
0.244
0.244
0.255
0.255
0.258
0.291
0.291
0.203
0.215
0.245
0.276
0.282
0.333
0.278
0.276
0.276
0.217
0.377
0.377
0.309
0.258
0.255
0.288
0.315
0.315
0.315
0.342
0.342
0.342
0.331
0.331
0.248
0.275
0.275
0.455
0.455
0.455
0.455
0.455
0.455
0.463
0.463
0.463
0.463
0.463
0.463
0.395
0.395
0.395
0.395
0.395
0.362
0.362
0.362
0.362
0.433
0.433
0.433
0.433
0.433
0.378
0.378
0.378
0.377
0.377
0.362
0.362
0.362
0.415
0.415
0.415
0.415
0.415
0.279
0.386
0.386
0.386
0.386
0.386
0.329
0.329
0.329
0.197
0.3
0.3
0.3
0.278
0.278
0.262
0.262
0.188
0.221
0.26
0.26
0.257
0.257
0.36
0.36
0.36
0.36
0.36
0.254
0.369
0.369
0.369
0.369
0.369
0.283
0.283
0.283
0.42
0.42
0.42
0.273
0.273
0.273
0.357
0.357
0.357
0.357
0.357
0.189
0.335
0.335
0.335
0.335
0.335
0.245
0.245
0.245
0.265
0.265
0.265
0.263
0.263
0.263
0.324
0.324
0.324
0.324
0.324
0.2
0.355
0.355
0.355
0.355
0.355
0.323
0.323
0.323
0.323
0.317
0.317
0.317
0.317
0.199
0.212
0.29
0.296
0.296
0.323
0.323
0.274
0.274
0.291
0.291
0.291
0.276
0.276
0.291
0.291
0.291
0.554
0.554
0.554
0.554
0.554
0.554
0.554
0.554
0.554
0.576
0.576
0.576
0.576
0.576
0.576
0.576
0.576
0.576
1.298
1.298
0.506
0.506
0.506
0.506
0.506
0.506
0.257
0.257
0.382
0.382
0.382
0.382
0.382
0.372
0.372
0.372
0.372
0.372
0.183
0.221
0.186
0.199
0.224
0.21
0.259
0.231
0.222
0.461
0.461
0.461
0.461
0.461
0.461
0.461
0.469
0.469
0.469
0.469
0.469
0.469
0.469
0.291
0.291
0.241
0.241
0.248
0.248
0.406
0.406
0.406
0.406
0.406
0.406
0.406
0.248
0.248
0.478
0.478
0.478
0.478
0.478
0.478
0.478
0.202
0.269
0.269
0.269
0.214
0.329
0.329
0.329
0.329
0.329
0.262
0.262
0.353
0.353
0.353
0.353
0.353
0.277
0.277
0.277
0.442
0.442
0.442
0.442
0.442
0.442
0.33
0.33
0.33
0.279
0.279
0.279
0.298
0.298
0.298
0.378
0.378
0.378
0.378
0.378
0.332
0.332
0.332
0.395
0.395
0.395
0.395
0.395
0.468
0.468
0.468
0.468
0.468
0.439
0.439
0.439
0.439
0.439
0.211
0.231
0.227
0.214
0.385
0.385
0.385
0.385
0.385
0.385
0.206
0.426
0.426
0.426
0.426
0.426
0.426
0.358
0.358
0.358
0.358
0.358
0.287
0.287
0.287
0.39
0.39
0.39
0.39
0.39
0.211
0.253
0.253
0.225
0.256
0.256
0.351
0.351
0.279
0.279
0.386
0.386
0.386
0.386
0.386
0.224
0.382
0.382
0.382
0.382
0.382
0.246
0.259
0.259
0.264
0.261
0.261
0.24
0.24
0.278
0.278
0.306
0.306
0.306
0.21
0.304
0.304
0.304
0.195
0.23
0.351
0.351
0.351
0.351
0.351
0.342
0.342
0.342
0.342
0.369
0.369
0.369
0.369
0.369
0.277
0.216
0.275
0.275
0.275
0.283
0.283
0.283
0.282
0.282
0.244
0.244
0.206
0.325
0.26
0.251
0.171
0.188
0.183
0.564
0.564
0.564
0.564
0.564
0.564
0.564
0.564
0.564
0.564
0.564
0.446
0.446
0.446
0.446
0.446
0.446
0.446
0.672
0.672
0.672
0.672
0.672
0.672
0.672
0.672
0.672
0.672
0.672
0.383
0.383
0.383
0.383
0.383
0.383
0.237
0.237
0.431
0.431
0.431
0.431
0.431
0.431
0.595
0.595
0.595
0.595
0.595
0.595
0.595
0.595
0.595
0.595
0.595
0.595
0.262
0.262
0.262
0.648
0.648
0.648
0.648
0.648
0.648
0.648
0.648
0.648
0.648
0.648
0.648
0.523
0.523
0.523
0.523
0.523
0.523
0.523
0.523
0.523
0.322
0.322
0.322
0.322
0.612
0.612
0.612
0.612
0.612
0.612
0.612
0.612
0.612
0.492
0.492
0.492
0.492
0.492
0.492
0.492
0.492
0.492
0.269
0.269
0.269
0.548
0.548
0.548
0.548
0.548
0.548
0.548
0.548
0.548
0.327
0.327
0.327
0.327
0.327
0.186
0.359
0.359
0.359
0.359
0.359
0.223
0.215
0.215
0.239
0.239
0.286
0.286
0.286
0.192
0.285
0.285
0.285
0.194
0.304
0.304
0.304
0.304
0.235
0.327
0.327
0.327
0.327
0.228
0.228
0.243
0.243
0.245
0.245
0.279
0.279
0.237
0.237
0.285
0.285
0.262
0.262
0.192
0.201
0.192
0.201
0.346
0.346
0.346
0.261
0.261
0.288
0.288
0.288
0.205
0.208
0.222
0.218
0.19
0.212
0.207
0.283
0.283
0.283
0.314
0.316
0.316
0.316
0.216
0.211
0.36
0.36
0.36
0.36
0.36
0.195
0.397
0.397
0.397
0.397
0.397
0.199
0.2
0.253
0.253
0.205
0.233
0.233
0.204
0.203
0.215
0.212
0.401
0.401
0.401
0.401
0.401
0.401
0.25
0.25
0.401
0.401
0.401
0.401
0.401
0.401
0.338
0.338
0.338
0.338
0.338
0.192
0.362
0.362
0.362
0.362
0.362
0.343
0.343
0.343
0.343
0.218
0.392
0.392
0.392
0.392
0.265
0.265
0.265
0.274
0.274
0.274
0.244
0.207
0.184
0.195
0.205
0.246
0.198
0.392
0.392
0.392
0.268
0.268
0.259
0.259
0.259
6.121
6.121
4.165
0.364
0.364
0.339
0.339
0.339
0.339
0.201
0.321
0.321
0.321
0.321
0.282
0.282
0.282
0.282
0.318
0.318
0.318
0.318
0.192
0.44
0.44
0.44
0.44
0.44
0.44
6.214
2.598
2.598
2.598
2.598
2.598
2.598
2.598
2.598
0.321
0.321
0.321
0.321
0.85
0.85
0.85
0.85
0.85
0.85
0.85
0.85
0.254
0.254
0.23
0.23
0.189
0.213
0.314
0.314
0.314
0.314
0.248
0.248
0.319
0.319
0.319
0.319
0.277
0.277
0.277
0.282
0.282
0.282
0.183
0.389
0.389
0.389
0.389
0.389
0.389
0.282
0.282
0.282
0.41
0.41
0.41
0.41
0.41
0.41
0.169
0.181
0.306
0.306
0.306
0.306
0.245
0.245
0.332
0.332
0.332
0.332
0.229
0.229
0.239
0.239
0.234
0.234
0.49
0.49
0.49
0.49
0.49
0.49
0.49
0.49
0.49
0.241
0.241
0.548
0.548
0.548
0.548
0.548
0.548
0.548
0.548
0.548
0.456
0.456
0.456
0.456
0.456
0.456
0.456
0.456
0.276
0.276
0.276
0.492
0.492
0.492
0.492
0.492
0.492
0.492
0.492
0.22
0.22
0.231
0.231
0.242
0.242
0.326
0.326
0.326
0.326
0.265
0.265
0.319
0.319
0.319
0.319
0.317
0.317
0.317
0.317
0.212
0.403
0.403
0.403
0.403
0.243
0.243
0.243
0.275
0.275
0.275
0.272
0.272
0.272
1.26
1.26
1.26
1.26
1.26
1.26
1.26
1.26
1.26
1.26
1.26
1.26
1.26
1.26
1.26
1.26
1.26
1.26
1.26
1.26
1.26
1.26
1.26
1.26
0.252
0.252
3.351
3.351
3.351
3.351
3.351
3.351
3.351
3.351
3.351
3.351
3.351
3.351
3.351
3.351
3.351
3.351
3.351
3.351
3.351
3.351
3.351
3.351
3.351
3.351
0.52
0.52
0.52
0.52
0.52
0.52
0.52
0.52
0.52
0.386
0.386
0.386
0.386
0.789
0.789
0.789
0.789
0.789
0.789
0.789
0.789
0.789
0.659
0.659
0.659
0.659
0.659
0.659
0.659
0.659
0.659
0.659
0.659
0.659
0.659
0.368
0.368
0.368
0.368
0.368
0.913
0.913
0.913
0.913
0.913
0.913
0.913
0.913
0.913
0.913
0.913
0.913
0.913
1.008
1.008
1.008
1.008
1.008
1.008
1.008
1.008
1.008
1.008
1.008
1.008
1.008
1.008
1.008
1.008
1.008
1.008
1.008
1.008
1.008
0.351
0.351
0.351
0.351
1.082
1.082
1.082
1.082
1.082
1.082
1.082
1.082
1.082
1.082
1.082
1.082
1.082
1.082
1.082
1.082
1.082
1.082
1.082
1.082
1.082
0.619
0.619
0.619
0.619
0.619
0.619
0.619
0.619
0.619
0.619
0.619
0.619
0.335
0.335
0.335
0.335
0.761
0.761
0.761
0.761
0.761
0.761
0.761
0.761
0.761
0.761
0.761
0.761
1.054
1.054
1.054
1.054
1.054
1.054
1.054
1.054
1.054
1.054
1.054
1.054
1.054
0.338
0.338
0.707
0.707
0.707
0.707
0.707
0.707
0.707
0.707
0.707
0.707
0.707
0.707
0.707
0.551
0.551
0.551
0.551
0.551
0.551
0.551
0.551
0.551
0.275
0.275
0.275
0.553
0.553
0.553
0.553
0.553
0.553
0.553
0.553
0.553
0.443
0.443
0.443
0.443
0.443
0.443
0.439
0.439
0.439
0.439
0.439
0.439
0.536
0.536
0.536
0.536
0.536
0.536
0.536
0.536
0.536
0.349
0.349
0.349
0.544
0.544
0.544
0.544
0.544
0.544
0.544
0.544
0.544
0.551
0.551
0.551
0.551
0.551
0.551
0.551
0.551
0.551
0.551
0.259
0.633
0.633
0.633
0.633
0.633
0.633
0.633
0.633
0.633
0.633
0.506
0.506
0.506
0.506
0.506
0.506
0.506
0.506
0.506
0.506
0.277
0.277
0.277
0.664
0.664
0.664
0.664
0.664
0.664
0.664
0.664
0.664
0.664
0.228
0.228
0.239
0.239
0.326
0.326
0.326
0.326
0.217
0.318
0.318
0.318
0.318
0.231
0.207
0.223
0.209
0.194
0.178
0.179
0.157
0.374
0.374
0.374
0.374
0.374
0.235
0.235
0.353
0.353
0.353
0.353
0.353
0.242
0.242
0.242
0.321
0.321
0.321
0.321
0.321
0.189
0.348
0.348
0.348
0.348
0.348
0.256
0.256
0.159
0.201
0.201
0.314
0.314
0.314
0.314
0.314
0.2
0.2
0.342
0.342
0.342
0.342
0.342
0.37
0.37
0.37
0.18
0.247
0.247
0.247
0.43
0.43
0.43
0.43
0.43
0.43
0.43
0.43
0.259
0.259
0.259
0.502
0.502
0.502
0.502
0.502
0.502
0.502
0.502
0.388
0.388
0.388
0.388
0.388
0.388
0.388
0.214
0.214
0.453
0.453
0.453
0.453
0.453
0.453
0.453
0.657
0.657
0.657
0.657
0.657
0.657
0.657
0.657
0.657
0.657
0.657
0.657
0.657
0.31
0.31
0.31
0.31
0.728
0.728
0.728
0.728
0.728
0.728
0.728
0.728
0.728
0.728
0.728
0.728
0.728
0.314
0.314
0.314
0.314
0.314
0.198
0.354
0.354
0.354
0.354
0.354
0.464
0.464
0.464
0.464
0.464
0.464
0.464
0.464
0.464
0.553
0.553
0.553
0.553
0.553
0.553
0.553
0.553
0.553
0.502
0.502
0.502
0.502
0.502
0.502
0.502
0.502
0.502
0.338
0.338
0.338
0.338
0.534
0.534
0.534
0.534
0.534
0.534
0.534
0.534
0.534
0.527
0.527
0.527
0.527
0.527
0.527
0.527
0.527
0.527
0.527
0.289
0.289
0.597
0.597
0.597
0.597
0.597
0.597
0.597
0.597
0.597
0.597
0.677
0.677
0.677
0.677
0.677
0.677
0.677
0.677
0.677
0.677
0.677
0.385
0.385
0.385
0.385
0.671
0.671
0.671
0.671
0.671
0.671
0.671
0.671
0.671
0.671
0.671
0.527
0.527
0.527
0.527
0.527
0.527
0.527
0.527
0.527
0.318
0.602
0.602
0.602
0.602
0.602
0.602
0.602
0.602
0.602
0.608
0.608
0.608
0.608
0.608
0.608
0.608
0.608
0.608
0.608
0.305
0.305
0.305
0.71
0.71
0.71
0.71
0.71
0.71
0.71
0.71
0.71
0.71
0.684
0.684
0.684
0.684
0.684
0.684
0.684
0.684
0.307
0.307
0.307
0.478
0.478
0.478
0.478
0.478
0.478
0.478
0.478
0.233
0.233
0.389
0.389
0.335
0.335
0.335
0.335
0.335
0.228
0.397
0.397
0.397
0.397
0.397
0.355
0.355
0.355
0.355
0.355
0.336
0.336
0.336
0.336
0.39
0.39
0.39
0.39
0.39
0.327
0.327
0.327
0.327
0.205
0.338
0.338
0.338
0.338
0.184
0.247
0.247
0.196
0.444
0.444
0.444
0.444
0.444
0.444
0.289
0.289
0.289
0.415
0.415
0.415
0.415
0.415
0.415
0.29
0.29
0.29
0.221
0.341
0.341
0.341
0.209
0.227
0.372
0.372
0.372
0.372
0.307
0.307
0.307
0.307
0.332
0.332
0.332
0.274
0.274
0.274
0.335
0.335
0.335
0.308
0.308
0.308
0.308
0.187
0.333
0.333
0.333
0.333
0.303
0.207
0.395
0.395
0.395
0.395
0.395
0.395
0.259
0.259
0.412
0.412
0.412
0.412
0.412
0.412
0.199
0.238
0.321
0.321
0.254
0.254
0.688
0.688
0.336
0.336
0.336
0.336
0.328
0.328
0.328
0.328
0.221
0.205
0.334
0.334
0.334
0.334
0.334
0.371
0.371
0.371
0.371
0.371
0.217
0.252
0.252
0.323
0.201
0.308
0.308
0.308
0.213
0.205
0.213
0.241
0.241
0.26
0.26
0.261
0.261
0.207
0.221
0.212
0.211
0.321
0.321
0.321
0.321
0.217
0.328
0.328
0.328
0.328
0.521
0.521
0.521
0.521
0.521
0.521
0.521
0.521
0.521
0.254
0.254
0.59
0.59
0.59
0.59
0.59
0.59
0.59
0.59
0.59
0.2
0.2
0.209
0.275
0.275
0.275
0.295
0.295
0.295
0.277
0.201
0.368
0.23
0.263
0.222
0.214
0.236
0.227
0.219
0.222
0.231
0.217
0.228
0.231
0.221
0.242
0.215
0.24
0.261
0.243
0.312
0.37
0.37
0.37
0.37
0.37
0.263
0.263
0.436
0.436
0.436
0.436
0.436
0.225
0.289
0.245
0.248
0.296
0.296
0.267
0.263
0.242
0.245
0.392
0.392
0.392
0.392
0.392
0.269
0.269
0.41
0.41
0.41
0.41
0.41
0.415
0.415
0.415
0.415
0.415
0.415
0.278
0.278
0.517
0.517
0.517
0.517
0.517
0.517
0.363
0.363
0.363
0.363
0.34
0.34
0.34
0.366
0.366
0.366
0.366
0.228
0.249
0.339
0.339
0.339
0.339
0.33
0.33
0.33
0.364
0.364
0.364
0.364
0.344
0.344
0.344
0.344
0.272
0.393
0.393
0.393
0.393
0.243
0.245
0.246
0.268
0.288
0.207
0.206
0.206
0.231
0.231
0.183
0.169
0.157
0.167
2.256
0.201
0.22
0.22
0.211
0.211
0.224
0.224
0.277
0.277
0.277
0.277
0.212
0.212
0.305
0.305
0.305
0.305
0.178
0.172
0.183
0.183
0.202
0.164
0.165
0.176
0.262
0.262
0.262
0.262
0.262
0.262
0.309
0.309
0.309
0.292
0.292
0.292
0.302
0.302
0.302
0.239
0.239
0.193
0.236
0.236
0.229
0.214
0.208
0.234
0.242
0.203
0.218
0.225
0.301
0.301
0.301
0.303
0.303
0.303
0.204
0.254
0.254
0.196
0.194
0.295
0.21
0.188
0.188
0.299
0.299
0.299
0.299
0.315
0.315
0.315
0.315
0.24
0.214
0.31
0.334
0.232
0.217
0.2
0.2
0.247
0.247
0.286
0.286
0.213
0.243
0.233
0.25
0.25
0.294
0.245
0.307
0.307
0.255
0.203
0.241
0.199
0.217
0.216
0.26
0.26
0.275
0.275
0.302
0.308
0.22
0.234
0.359
0.359
0.359
0.359
0.29
0.29
0.36
0.36
0.36
0.36
0.298
0.263
0.26
0.26
0.231
0.356
0.356
0.218
0.278
0.278
0.228
0.247
0.247
0.272
0.272
0.216
0.214
0.238
0.224
0.239
0.238
0.207
0.205
0.228
0.217
0.231
0.205
0.211
0.205
0.21
0.263
0.21
0.321
0.321
0.321
0.321
0.247
0.247
0.335
0.335
0.335
0.335
0.41
0.41
0.41
0.41
0.41
0.41
0.442
0.442
0.442
0.442
0.442
0.442
0.279
0.279
0.279
0.224
0.297
0.297
0.297
0.306
0.306
0.306
0.306
0.242
0.242
0.332
0.332
0.332
0.332
0.524
0.524
0.524
0.524
0.524
0.524
0.524
0.307
0.307
0.307
0.461
0.461
0.461
0.461
0.461
0.461
0.461
0.597
0.597
0.597
0.597
0.597
0.597
0.597
0.597
0.597
0.597
0.597
0.425
0.425
0.425
0.425
0.425
0.425
0.651
0.651
0.651
0.651
0.651
0.651
0.651
0.651
0.651
0.651
0.651
0.703
0.703
0.703
0.703
0.703
0.703
0.703
0.703
0.703
0.703
0.383
0.383
0.383
0.383
0.601
0.601
0.601
0.601
0.601
0.601
0.601
0.601
0.601
0.601
0.518
0.518
0.518
0.518
0.518
0.518
0.351
0.351
0.351
0.351
0.423
0.423
0.423
0.423
0.423
0.423
0.467
0.467
0.467
0.467
0.467
0.467
0.467
0.532
0.532
0.532
0.532
0.532
0.532
0.532
0.532
0.502
0.502
0.502
0.502
0.502
0.502
0.502
0.36
0.36
0.36
0.36
0.288
0.288
0.368
0.368
0.368
0.368
0.559
0.559
0.559
0.559
0.559
0.559
0.559
0.559
0.559
0.305
0.305
0.305
0.569
0.569
0.569
0.569
0.569
0.569
0.569
0.569
0.569
0.504
0.504
0.504
0.504
0.504
0.504
0.504
0.504
0.504
0.292
0.292
0.581
0.581
0.581
0.581
0.581
0.581
0.581
0.581
0.581
0.341
0.341
0.341
0.341
0.336
0.336
0.336
0.383
0.383
0.383
0.383
0.452
0.452
0.452
0.452
0.452
0.452
0.452
0.479
0.479
0.479
0.479
0.479
0.479
0.479
0.486
0.486
0.486
0.486
0.486
0.486
0.486
0.486
0.294
0.294
0.54
0.54
0.54
0.54
0.54
0.54
0.54
0.54
0.445
0.445
0.445
0.445
0.445
0.445
0.445
0.368
0.368
0.368
0.368
0.484
0.484
0.484
0.484
0.484
0.484
0.484
0.352
0.352
0.352
0.352
0.359
0.359
0.359
0.359
0.33
0.33
0.33
0.33
0.263
0.263
0.335
0.335
0.335
0.335
0.451
0.451
0.451
0.451
0.451
0.451
0.451
0.258
0.492
0.492
0.492
0.492
0.492
0.492
0.492
0.234
0.231
0.205
0.276
0.393
0.393
0.393
0.393
0.393
0.327
0.327
0.327
0.387
0.387
0.387
0.387
0.387
0.298
0.298
0.291
0.291
0.291
0.286
0.286
0.402
0.402
0.402
0.402
0.402
0.402
0.326
0.326
0.326
0.459
0.459
0.459
0.459
0.459
0.459
0.595
0.595
0.595
0.595
0.595
0.595
0.595
0.595
0.595
0.595
0.342
0.342
0.342
0.636
0.636
0.636
0.636
0.636
0.636
0.636
0.636
0.636
0.636
0.367
0.367
0.367
0.367
0.29
0.29
0.357
0.357
0.357
0.357
0.377
0.377
0.377
0.377
0.255
0.255
0.375
0.375
0.375
0.375
0.346
0.346
0.346
0.346
0.262
0.262
0.348
0.348
0.348
0.348
0.237
0.223
0.26
0.503
0.503
0.503
0.503
0.503
0.503
0.503
0.259
0.259
0.461
0.461
0.461
0.461
0.461
0.461
0.461
0.296
0.296
0.202
0.265
0.265
0.289
0.289
0.289
0.228
0.311
0.311
0.311
0.304
0.304
0.304
0.313
0.313
0.313
0.355
0.244
0.249
0.361
0.361
0.361
0.361
0.297
0.297
0.364
0.364
0.364
0.364
0.375
0.375
0.375
0.375
0.375
0.262
0.536
0.536
0.536
0.536
0.536
0.23
0.242
0.225
0.267
0.221
0.226
0.217
0.207
0.226
0.214
0.24
0.439
0.439
0.439
0.439
0.439
0.439
0.348
0.348
0.348
0.452
0.452
0.452
0.452
0.452
0.452
0.209
0.222
0.296
0.296
0.296
0.344
0.344
0.344
0.344
0.305
0.305
0.305
0.432
0.432
0.432
0.432
0.432
0.432
0.533
0.533
0.533
0.533
0.533
0.533
0.533
7.411
7.411
7.411
7.411
7.411
7.411
0.221
0.215
0.24
0.24
0.232
0.33
0.33
0.274
0.274
0.274
0.302
0.302
0.361
0.361
0.361
0.598
0.598
0.598
0.598
0.598
0.598
0.598
0.598
0.598
0.336
0.336
0.336
0.585
0.585
0.585
0.585
0.585
0.585
0.585
0.585
0.585
0.52
0.52
0.52
0.52
0.52
0.52
0.52
0.52
0.52
0.327
0.327
0.327
0.594
0.594
0.594
0.594
0.594
0.594
0.594
0.594
0.594
0.509
0.509
0.509
0.509
0.509
0.509
0.509
0.363
0.363
0.363
0.552
0.552
0.552
0.552
0.552
0.552
0.552
0.328
0.328
0.328
0.328
0.275
0.366
0.366
0.366
0.366
0.631
0.631
0.631
0.631
0.631
0.631
0.631
0.631
0.631
0.631
0.631
0.327
0.327
0.327
0.684
0.684
0.684
0.684
0.684
0.684
0.684
0.684
0.684
0.684
0.684
0.293
0.293
0.293
0.32
0.32
0.32
0.505
0.505
0.505
0.263
0.216
0.23
0.236
0.233
0.207
0.23
0.323
0.323
0.323
0.256
0.405
0.405
0.405
0.266
0.235
0.327
0.327
0.327
0.249
0.317
0.317
0.317
0.403
0.403
0.403
0.403
0.403
0.403
0.441
0.441
0.441
0.441
0.441
0.441
0.397
0.397
0.397
0.397
0.397
0.301
0.301
0.425
0.425
0.425
0.425
0.425
0.304
0.304
0.304
0.212
0.402
0.402
0.402
0.284
0.284
0.284
0.285
0.285
0.285
0.261
0.261
0.245
0.29
0.29
0.32
0.32
0.32
0.32
0.364
0.364
0.364
0.364
0.298
0.209
0.341
0.341
0.341
0.196
0.343
0.343
0.343
0.288
0.288
0.296
0.26
0.26
4.557
4.557
4.557
4.557
4.557
0.405
0.405
0.405
0.405
0.405
0.421
0.421
0.421
0.421
0.421
0.421
0.248
0.459
0.459
0.459
0.459
0.459
0.459
0.23
0.26
0.309
0.301
0.44
0.44
0.44
0.44
0.44
0.44
0.247
0.247
0.416
0.416
0.416
0.416
0.416
0.416
0.336
0.336
0.336
0.336
0.328
0.328
0.328
0.328
0.445
0.445
0.445
0.445
0.445
0.27
0.27
0.406
0.406
0.406
0.406
0.406
0.313
0.313
0.313
0.313
0.34
0.34
0.34
0.34
0.336
0.336
0.336
0.336
0.362
0.362
0.362
0.362
0.396
0.219
0.331
0.331
0.331
0.331
0.24
0.36
0.36
0.36
0.36
0.209
0.206
0.278
0.278
0.278
0.237
0.335
0.335
0.335
0.421
0.421
0.421
0.421
0.421
0.421
0.446
0.446
0.446
0.446
0.446
0.428
0.428
0.428
0.428
0.428
0.428
0.203
0.225
0.296
0.189
0.209
0.221
0.232
0.232
0.224
0.296
0.296
0.283
0.283
0.283
0.265
0.265
0.285
0.285
0.285
0.282
0.282
0.282
0.253
0.291
0.291
0.291
0.506
0.506
0.506
0.506
0.506
0.506
0.506
0.506
0.506
0.492
2.133
2.133
2.133
2.133
2.133
2.133
2.133
2.133
2.133
0.316
0.285
0.503
0.503
0.503
0.503
0.503
0.503
0.243
0.456
0.456
0.456
0.456
0.456
0.456
0.48
0.48
0.48
0.48
0.48
0.48
0.48
0.55
0.55
0.55
0.55
0.55
0.55
0.55
1.067
1.067
1.067
1.067
1.067
1.067
1.067
1.067
1.067
1.067
1.067
1.067
1.067
1.067
1.067
1.067
1.067
1.067
0.339
0.339
0.339
1.035
1.035
1.035
1.035
1.035
1.035
1.035
1.035
1.035
1.035
1.035
1.035
1.035
1.035
1.035
1.035
1.035
1.035
0.622
0.622
0.622
0.622
0.622
0.622
0.622
0.622
0.622
0.622
0.277
0.677
0.677
0.677
0.677
0.677
0.677
0.677
0.677
0.677
0.677
0.754
0.754
0.754
0.754
0.754
0.754
0.754
0.754
0.754
0.754
0.754
0.754
0.754
0.432
0.432
0.432
0.432
0.432
0.849
0.849
0.849
0.849
0.849
0.849
0.849
0.849
0.849
0.849
0.849
0.849
0.849
0.235
0.295
0.696
0.696
0.696
0.696
0.696
0.696
0.696
0.696
0.696
0.696
0.696
0.696
0.696
0.854
0.854
0.854
0.854
0.854
0.854
0.854
0.854
0.854
0.854
0.854
0.854
0.854
0.645
0.645
0.645
0.645
0.645
0.645
0.645
0.645
0.645
0.645
0.645
0.645
0.389
0.389
0.389
0.389
0.704
0.704
0.704
0.704
0.704
0.704
0.704
0.704
0.704
0.704
0.704
0.704
0.67
0.67
0.67
0.67
0.67
0.67
0.67
0.67
0.67
0.67
0.67
0.67
0.696
0.696
0.696
0.696
0.696
0.696
0.696
0.696
0.696
0.696
0.696
0.696
0.858
0.858
0.858
0.858
0.858
0.858
0.858
0.858
0.858
0.858
0.858
0.858
0.858
0.858
0.858
0.858
0.858
0.858
0.504
0.504
0.504
0.504
0.504
0.504
0.504
0.962
0.962
0.962
0.962
0.962
0.962
0.962
0.962
0.962
0.962
0.962
0.962
0.962
0.962
0.962
0.962
0.962
0.962
0.65
0.65
0.65
0.65
0.65
0.65
0.65
0.65
0.65
0.65
0.65
0.65
0.65
0.298
0.298
0.298
0.808
0.808
0.808
0.808
0.808
0.808
0.808
0.808
0.808
0.808
0.808
0.808
0.808
0.569
0.569
0.569
0.569
0.569
0.569
0.569
0.569
0.569
0.569
0.443
0.443
0.443
0.443
0.443
0.619
0.619
0.619
0.619
0.619
0.619
0.619
0.619
0.619
0.619
0.888
0.888
0.888
0.888
0.888
0.888
0.888
0.888
0.888
0.888
0.888
0.888
0.888
0.888
0.888
0.888
0.209
0.955
0.955
0.955
0.955
0.955
0.955
0.955
0.955
0.955
0.955
0.955
0.955
0.955
0.955
0.955
0.955
0.919
0.919
0.919
0.919
0.919
0.919
0.919
0.919
0.919
0.919
0.919
0.919
0.919
0.919
0.919
0.919
0.274
0.274
0.906
0.906
0.906
0.906
0.906
0.906
0.906
0.906
0.906
0.906
0.906
0.906
0.906
0.906
0.906
0.906
0.74
0.74
0.74
0.74
0.74
0.74
0.74
0.74
0.74
0.74
0.74
0.74
0.74
0.74
0.332
0.332
0.332
0.332
0.822
0.822
0.822
0.822
0.822
0.822
0.822
0.822
0.822
0.822
0.822
0.822
0.822
0.822
0.786
0.786
0.786
0.786
0.786
0.786
0.786
0.786
0.786
0.786
0.786
0.786
0.786
0.786
0.786
0.32
0.32
0.32
0.964
0.964
0.964
0.964
0.964
0.964
0.964
0.964
0.964
0.964
0.964
0.964
0.964
0.964
0.964
0.538
0.538
0.538
0.538
0.538
0.538
0.538
0.538
0.344
0.344
0.545
0.545
0.545
0.545
0.545
0.545
0.545
0.545
0.853
0.853
0.853
0.853
0.853
0.853
0.853
0.853
0.853
0.853
0.853
0.381
0.381
0.381
0.653
0.653
0.653
0.653
0.653
0.653
0.653
0.653
0.653
0.653
0.653
0.242
0.242
0.239
0.268
0.268
0.443
0.443
0.443
0.443
0.443
0.443
0.443
0.343
0.343
0.343
0.343
0.488
0.488
0.488
0.488
0.488
0.488
0.488
0.241
0.222
0.288
0.288
0.288
0.458
0.458
0.295
0.295
0.295
0.413
0.413
0.413
0.413
0.413
0.413
0.191
0.42
0.42
0.42
0.42
0.42
0.42
0.275
0.275
0.275
0.327
0.327
0.327
0.306
0.306
0.306
0.422
0.422
0.422
0.422
0.422
0.422
0.309
0.49
0.49
0.49
0.49
0.49
0.49
0.427
0.427
0.427
0.427
0.427
0.357
0.357
0.357
0.421
0.421
0.421
0.421
0.421
0.382
0.382
0.382
0.382
0.312
0.312
0.412
0.412
0.412
0.412
0.42
0.42
0.42
0.42
0.42
0.339
0.339
0.495
0.495
0.495
0.495
0.495
0.258
0.258
0.323
0.323
0.429
0.429
0.429
0.429
0.429
0.429
0.461
0.461
0.461
0.461
0.461
0.461
0.522
0.522
0.522
0.522
0.522
0.522
0.522
0.522
0.291
0.291
0.291
0.542
0.542
0.542
0.542
0.542
0.542
0.542
0.542
0.522
0.522
0.522
0.522
0.522
0.522
0.522
0.227
0.481
0.481
0.481
0.481
0.481
0.481
0.481
0.597
0.597
0.597
0.597
0.597
0.597
0.597
0.597
0.597
0.597
0.597
0.226
0.843
0.843
0.843
0.843
0.843
0.843
0.843
0.843
0.843
0.843
0.843
0.538
0.538
0.538
0.538
0.538
0.538
0.538
0.538
0.538
0.306
0.306
0.543
0.543
0.543
0.543
0.543
0.543
0.543
0.543
0.543
0.209
0.48
1.045
1.045
1.045
1.045
1.045
1.045
1.045
1.045
1.045
1.045
1.045
1.045
1.045
1.045
1.045
1.045
0.231
0.927
0.927
0.927
0.927
0.927
0.927
0.927
0.927
0.927
0.927
0.927
0.927
0.927
0.927
0.927
0.927
0.654
0.654
0.654
0.654
0.654
0.654
0.654
0.654
0.654
0.654
0.654
0.654
0.325
0.325
0.325
0.729
0.729
0.729
0.729
0.729
0.729
0.729
0.729
0.729
0.729
0.729
0.729
0.293
0.293
0.293
0.294
0.294
0.294
9.951
9.951
9.951
9.951
9.951
9.951
9.341
9.341
9.598
9.598
9.598
9.598
9.598
9.598
9.365
9.365
9.365
9.365
9.365
9.365
9.365
9.365
9.365
9.464
9.464
9.396
9.396
9.396
9.396
9.396
9.396
9.396
9.396
9.396
9.131
9.131
9.131
9.259
9.259
9.259
9.394
9.394
9.394
9.394
9.394
9.394
9.422
9.422
9.422
9.422
9.422
9.446
9.446
9.446
9.446
9.446
9.446
9.447
9.447
9.447
9.447
9.447
9.447
9.389
9.389
9.389
9.389
9.484
9.484
9.484
9.484
9.484
9.484
9.605
9.605
9.605
9.605
9.605
9.605
9.605
9.69
9.69
9.69
9.69
9.69
9.69
9.69
9.69
9.415
9.415
9.415
9.415
9.415
9.415
9.415
9.217
9.217
9.217
9.217
9.19
9.19
9.19
9.19
9.081
9.081
9.06
9.06
8.993
9.079
9.211
9.211
9.211
9.146
9.146
9.146
8.976
8.987
8.993
8.994
9.177
9.153
9.153
9.153
9.153
9.09
9.308
9.308
9.308
9.308
9.258
9.258
9.258
9.258
9.258
9.258
9.264
9.264
9.264
9.252
9.252
9.252
9.252
9.252
9.252
9.062
9.062
9.062
9.079
9.192
9.192
9.192
9.131
9.131
9.131
9.131
9.102
9.103
9.103
9.103
9.103
8.975
9.005
9.014
9.019
9.019
8.952
8.987
8.974
8.958
8.944
9.204
9.231
9.231
9.231
9.231
9.231
9.231
9.231
9.636
9.636
9.401
9.401
9.401
9.401
9.401
9.401
9.401
9.278
9.278
9.278
9.278
9.278
9.207
9.207
9.207
9.207
9.207
9.088
9.088
9.088
9.066
15.68
15.68
15.68
9.428
9.428
9.428
9.428
9.428
9.428
9.428
9.428
9.428
11.428
11.428
11.259
11.259
11.259
11.259
11.259
11.259
11.259
11.259
11.259
9.169
9.169
9.169
9.169
9.127
9.253
9.253
9.253
9.253
9.19
9.19
9.19
9.19
9.187
9.187
9.187
9.304
9.304
9.304
9.304
9.003
9.043
9.069
9.069
9.077
9.077
9.447
9.447
9.407
9.407
9.407
9.407
9.407
9.407
9.407
9.407
9.407
9.407
9.407
9.466
9.466
9.493
9.493
9.493
9.493
9.493
9.493
9.493
9.493
9.493
9.493
9.493
9.079
9.19
9.257
9.257
9.257
9.257
9.257
9.257
9.257
9.336
9.336
9.426
9.426
9.426
9.426
9.426
9.426
9.426
9.183
9.183
9.183
9.183
9.183
9.183
9.232
9.307
9.307
9.307
9.307
9.307
9.307
9.186
9.186
9.186
9.175
9.175
9.175
9.161
9.161
9.161
9.101
9.101
9.101
9.272
9.202
9.202
9.082
9.08
9.16
9.43
9.43
9.43
9.725
9.5
9.5
9.5
9.374
9.393
9.411
9.195
9.025
9.014
9.009
9.018
9.044
9.012
9.01
9.236
9.479
9.479
9.479
9.479
9.479
9.479
9.269
9.269
9.269
9.269
9.269
9.269
9.074
9.074
9.028
9.028
9.065
9.214
9.172
9.135
9.183
9.183
9.292
9.292
9.523
9.523
9.523
9.523
9.523
9.462
9.462
9.462
9.462
9.462
9.151
9.151
9.214
9.214
9.234
9.234
9.219
9.219
9.25
9.25
9.236
9.236
9.269
9.295
9.295
9.145
9.281
9.423
9.235
9.137
9.3
9.3
9.3
9.229
9.229
9.229
9.191
9.191
9.17
9.17
9.087
9.087
9.087
9.28
9.433
9.433
9.433
9.318
9.318
9.318
9.318
9.318
9.402
9.402
9.402
9.402
9.402
9.345
9.345
9.345
9.345
9.345
9.345
9.345
9.408
9.408
9.302
9.302
9.302
9.302
9.302
9.302
9.302
9.078
9.332
9.363
9.363
9.363
9.363
9.363
9.363
9.363
9.363
9.363
9.458
10.031
10.031
10.031
10.031
10.031
10.031
10.031
10.031
10.031
9.692
9.692
9.692
9.692
9.692
9.692
9.692
9.692
9.692
9.692
9.692
9.692
9.692
9.692
9.692
9.692
9.692
9.878
9.878
9.878
9.93
9.93
9.93
9.93
9.93
9.93
9.93
9.93
9.93
9.93
9.93
9.93
9.93
9.93
9.93
9.93
9.93
9.215
9.462
9.59
9.59
9.59
9.59
9.59
9.454
9.454
9.454
9.454
9.454
9.347
9.347
9.347
9.347
9.347
9.347
9.347
9.395
9.395
9.395
9.584
9.584
9.584
9.584
9.584
9.584
9.584
9.324
9.324
9.324
9.324
9.324
9.324
9.354
9.354
9.354
9.364
9.364
9.364
9.364
9.364
9.364
9.242
9.242
9.242
9.242
9.244
9.244
9.244
9.262
9.262
9.262
9.262
9.161
9.161
9.161
9.161
9.221
9.391
9.391
9.391
9.391
9.298
9.298
9.298
9.298
9.298
9.298
9.298
9.325
9.52
9.52
9.52
9.52
9.52
9.52
9.52
9.361
9.361
9.361
9.361
9.361
9.361
9.352
9.352
9.54
9.54
9.54
9.54
9.54
9.54
9.42
9.42
9.42
9.323
9.323
9.323
9.109
9.064
9.155
9.084
9.054
9.028
9.261
9.446
9.446
9.446
9.446
9.446
9.446
9.441
9.441
9.441
9.43
9.43
9.43
9.43
9.43
9.43
9.322
9.322
9.322
9.322
9.322
9.401
9.401
9.401
9.336
9.336
9.336
9.336
9.336
9.051
9.059
9.137
9.104
9.132
9.15
9.15
9.141
9.141
9.209
9.209
9.31
9.31
9.31
9.31
9.248
9.248
9.248
9.248
9.079
9.236
9.353
9.353
9.353
9.353
9.353
9.353
9.386
9.386
9.386
9.297
9.297
9.297
9.297
9.297
9.297
9.179
9.179
9.179
9.347
9.347
9.347
9.171
9.171
9.171
9.171
9.15
9.15
9.313
9.313
9.313
9.313
9.425
9.425
9.425
9.425
9.425
9.425
9.425
9.26
9.26
9.26
9.26
9.26
9.26
9.26
9.021
9.045
9.073
9.073
9.082
9.244
9.244
9.068
9.068
9.068
9.078
9.245
9.245
9.245
9.193
9.193
9.193
9.193
9.173
9.131
9.131
9.131
9.131
9.074
9.016
9.016
11.798
9.068
9.068
9.023
9.035
9.021
9.021
9.071
9.122
9.122
9.274
9.274
9.274
9.197
9.197
9.197
9.106
9.021
9.005
9.035
9.048
9.042
9.023
9.011
9.071
9.032
9.035
9.068
9.141
9.141
9.135
9.135
9.237
9.237
9.375
9.375
9.375
9.375
9.375
9.244
9.244
9.244
9.244
9.244
9.114
9.114
9.07
9.07
9.028
9.097
9.185
9.185
9.185
9.142
9.142
9.142
9.017
8.992
9.062
9.1
9.1
9.159
9.159
9.147
9.177
9.261
9.261
9.261
9.223
9.223
9.223
9.146
9.146
9.146
9.178
9.178
9.178
9.241
9.241
9.241
9.118
9.06
9.044
9.023
9.019
9.005
9.026
9.097
9.002
9.004
9.018
9.051
9.023
9.046
9.027
9.019
9.023
16.176
9.105
8.986
8.978
8.976
9.054
9.036
9.142
9.158
9.158
9.06
9.04
9.04
9.02
9.077
9.213
9.04
8.98
8.982
8.996
9.127
9.171
9.171
9.171
9.171
9.171
9.204
9.204
9.143
9.143
9.143
9.143
9.143
9.026
9.01
9.083
9.169
9.218
9.241
9.241
9.241
9.235
9.235
9.141
9.141
9.141
9.035
9.031
9.019
9.13
9.046
9.045
9.114
9.101
9.101
9.101
9.129
9.14
9.14
9.14
9.046
9.02
9.163
9.347
9.347
9.347
9.347
9.347
9.18
9.18
9.18
9.18
9.18
9.059
9.03
9.203
9.041
9.145
9.066
9.23
9.184
9.184
9.184
9.366
9.366
9.366
9.451
9.451
9.451
9.451
9.225
9.225
9.225
9.225
9.327
9.327
9.327
9.354
9.354
9.354
9.068
9.762
9.603
9.603
9.603
9.603
9.603
9.603
9.603
9.603
9.603
9.603
9.603
9.603
9.603
9.682
9.72
9.72
9.72
9.72
9.72
9.72
9.72
9.72
9.72
9.72
9.72
9.72
9.72
9.22
9.22
9.22
9.131
9.131
9.131
9.044
9.216
9.435
9.435
9.435
9.435
9.435
9.435
18.741
18.741
18.741
18.741
18.741
18.741
18.784
18.784
18.784
9.233
9.233
9.233
9.329
9.329
9.329
9.306
9.306
9.306
9.306
9.306
9.306
9.306
9.346
9.346
9.346
9.583
9.583
9.583
9.583
9.583
9.583
9.583
9.243
9.243
9.243
9.243
9.243
9.243
9.243
9.28
9.591
9.591
9.591
9.591
9.591
9.591
9.591
9.381
9.381
9.381
9.381
9.381
9.381
9.381
9.381
9.381
9.381
9.43
9.43
9.423
9.423
9.423
9.423
9.423
9.423
9.423
9.423
9.423
9.423
9.051
9.051
9.04
9.187
9.187
9.173
9.173
9.173
9.173
9.173
9.143
9.541
9.541
9.541
9.541
9.541
9.349
9.349
9.349
9.349
9.349
9.349
9.349
9.349
9.364
9.405
9.405
9.405
9.405
9.405
9.405
9.405
9.405
9.174
9.174
9.174
9.167
9.167
9.167
9.08
9.08
9.08
9.08
9.107
9.3
9.3
9.3
9.3
9.24
9.24
9.24
9.24
9.143
9.143
9.143
9.143
9.07
9.07
9.109
9.109
9.08
9.08
9.08
9.095
9.095
9.085
9.085
9.085
9.036
9.035
9.047
9.047
8.975
8.975
8.958
8.967
9.03
9.093
9.168
9.168
9.059
9.059
9.078
9.102
9.024
9.015
9.182
9.346
9.346
9.346
9.346
9.346
9.319
9.319
9.271
9.271
9.271
9.271
9.271
9.075
9.193
9.217
9.217
9.217
9.217
9.217
9.231
9.231
9.679
9.679
9.679
9.679
9.679
9.577
9.577
9.577
9.577
9.577
9.577
9.577
9.577
9.577
9.577
9.577
9.535
9.535
9.464
9.464
9.464
9.464
9.464
9.464
9.464
9.464
9.464
9.464
9.464
9.185
9.185
9.225
9.225
9.225
9.391
9.391
9.365
9.365
9.365
9.365
9.365
9.365
9.365
9.365
9.365
9.501
9.501
9.455
9.455
9.455
9.455
9.455
9.455
9.455
9.455
9.455
9.246
9.246
9.246
9.246
9.266
9.266
9.266
9.266
9.259
9.259
9.259
9.259
9.201
9.201
9.201
9.201
9.221
9.221
9.184
9.184
9.184
9.184
9.038
9.066
9.178
9.178
9.384
9.384
9.384
9.417
9.417
9.409
9.409
9.409
9.409
9.409
9.409
9.409
9.409
9.409
9.469
9.469
9.469
9.469
9.346
9.346
9.346
9.346
9.346
9.346
9.346
9.346
9.346
8.979
8.971
9.174
9.182
9.217
9.217
9.217
9.217
9.217
9.217
9.264
9.637
9.637
9.637
9.637
9.637
9.637
9.438
9.438
9.438
9.438
9.438
9.438
9.438
9.438
9.438
9.473
9.473
9.473
9.65
9.65
9.65
9.65
9.65
9.65
9.65
9.65
9.65
9.328
9.328
9.328
9.328
9.328
9.328
9.328
9.328
9.328
9.393
9.393
9.575
9.575
9.575
9.575
9.575
9.575
9.575
9.575
9.575
9.323
9.323
9.323
9.323
9.323
9.323
9.323
9.335
9.351
9.351
9.351
9.351
9.351
9.351
9.351
9.486
9.486
9.486
9.17
9.17
9.17
9.146
9.146
9.146
9.146
9.336
9.336
9.46
9.46
9.46
9.46
9.421
9.421
9.421
9.421
9.421
9.421
9.421
9.532
9.532
9.532
9.532
9.522
9.522
9.522
9.522
9.522
9.522
9.522
9.227
9.227
9.227
9.227
9.227
9.227
9.239
9.235
9.235
9.235
9.235
9.235
9.235
9.047
9.036
9.247
9.303
9.303
9.303
9.303
9.303
9.303
9.318
9.318
9.318
9.291
9.291
9.291
9.291
9.291
9.291
9.125
9.125
9.125
9.093
9.338
9.338
9.338
9.378
9.378
9.378
9.378
9.378
9.378
9.378
9.414
9.414
9.414
9.414
9.389
9.389
9.389
9.389
9.389
9.389
9.389
9.163
9.163
9.11
9.11
9.192
9.192
9.243
9.243
9.243
9.243
9.269
9.269
9.269
9.269
9.125
9.125
9.125
9.125
9.14
9.268
9.268
9.268
9.268
9.124
9.124
9.124
9.124
9.155
9.278
9.278
9.278
9.278
9.281
9.281
9.281
9.281
9.276
9.276
9.276
9.276
12.725
12.725
12.725
12.725
12.725
9.179
9.194
9.194
9.194
9.194
9.194
9.179
9.179
9.212
9.212
9.212
9.079
9.079
9.055
9.227
9.659
9.659
9.659
9.659
9.659
9.477
9.477
9.215
9.215
9.215
9.215
9.215
9.066
9.066
9.109
9.109
9.017
9.017
8.985
9.002
9.043
8.997
8.997
8.995
8.98
9.031
9.073
9.073
9.075
9.075
9.027
9.027
9.171
9.183
9.183
9.187
9.079
8.981
8.981
8.983
9.128
9.003
8.996
8.997
9.09
9.174
9.174
9.174
9.093
9.093
9.093
9.32
9.086
9.124
9.124
9.124
9.192
9.192
9.158
9.158
9.158
9.07
9.07
9.07
9.042
9.088
9.088
9.088
9.01
9.189
9.214
9.214
9.214
9.214
9.214
9.214
9.27
9.27
9.284
9.284
9.284
9.284
9.284
9.284
9.073
9.073
9.072
9.072
9.056
9.056
9.108
9.108
9.064
9.064
9.009
9.111
9.104
9.104
9.104
9.104
9.135
9.172
9.172
9.172
9.172
9.059
9.059
9.055
9.102
9.102
9.155
9.155
9.155
9.156
9.156
9.156
9.088
9.088
9.088
8.992
14.245
9.067
8.985
8.976
9.004
9.082
9.204
9.204
9.204
9.204
9.152
9.152
9.152
9.152
9.033
9.033
9.03
9.026
9.026
9.03
9.008
9.008
9.032
9.061
9.061
9.099
9.099
9.023
9.023
8.99
9.142
9.196
9.196
9.196
9.196
9.196
9.196
9.174
9.423
9.423
9.423
9.423
9.423
9.423
9.311
9.311
9.311
9.311
9.311
9.311
9.311
9.334
9.334
9.334
9.563
9.563
9.563
9.563
9.563
9.563
9.563
9.446
9.446
9.446
9.446
9.446
9.446
9.446
9.446
9.446
9.52
9.52
9.52
9.52
9.52
9.515
9.515
9.515
9.515
9.515
9.515
9.515
9.515
9.515
9.436
9.436
9.436
9.436
9.436
9.436
9.43
9.43
9.43
9.43
9.43
9.43
9.43
9.481
9.481
9.481
9.481
9.481
9.481
9.42
9.42
9.42
9.42
9.42
9.42
9.42
9.42
9.42
9.446
9.446
9.446
9.446
9.305
9.305
9.305
9.305
9.305
9.305
9.305
9.305
9.305
9.03
9.255
9.321
9.321
9.321
9.321
9.321
9.321
9.321
9.315
9.315
9.315
9.44
9.44
9.44
9.44
9.44
9.44
9.44
9.333
9.333
9.333
9.333
9.333
9.333
9.333
9.331
9.331
9.331
9.331
9.184
9.184
9.184
9.184
9.184
9.184
9.184
8.953
9.225
9.293
9.293
9.293
9.293
9.293
9.293
9.293
9.293
9.332
9.332
9.346
9.346
9.346
9.346
9.346
9.346
9.346
9.346
9.871
9.871
9.871
9.219
9.219
9.219
9.107
9.107
9.107
9.107
9.107
9.13
9.3
9.3
9.3
9.3
9.3
9.361
9.361
9.361
9.361
9.361
9.361
9.386
9.386
9.386
9.386
9.386
9.386
9.2
9.2
9.2
9.2
9.2
9.245
9.245
9.245
9.324
9.324
9.324
9.324
9.324
9.206
9.206
9.206
9.206
9.206
9.206
9.268
9.268
9.348
9.348
9.348
9.348
9.348
9.348
9.13
9.13
9.13
9.13
9.15
9.15
9.184
9.184
9.184
9.184
9.158
9.158
9.158
9.16
9.16
9.16
9.142
9.142
9.142
9.152
9.152
9.152
9.108
9.108
9.108
9.126
9.126
9.133
9.133
9.133
9.133
9.256
9.256
9.503
9.503
9.503
9.503
9.503
9.39
9.39
9.39
9.39
9.39
9.111
9.111
9.111
9.111
9.139
9.148
9.148
9.148
9.148
9.102
9.102
9.1
9.1
9.047
8.974
8.98
8.954
8.993
9.059
9.059
9.074
9.074
9.052
9.052
8.964
8.975
9.047
9.129
9.129
9.129
9.108
9.108
9.108
9.055
9.055
9
9
8.974
9.013
9.045
9.045
9.047
9.098
9.098
9.048
9.048
9.048
9.079
9.097
9.097
9.097
9.011
9.018
9.01
9.01
9.144
9.145
9.145
8.989
9.041
9.048
9.048
9.048
9.042
9.194
9.194
9.194
9.214
9.214
9.214
9.214
9.187
9.187
9.187
9.187
9.057
9.057
9.057
9.164
9.092
9.092
9.092
9.148
9.148
9.148
9.085
9.085
9.085
8.968
9.153
9.176
9.176
9.176
9.176
11.87
11.87
11.87
9.369
9.369
9.369
9.369
9.409
9.409
9.409
9.409
9.409
9.409
9.409
9.409
9.431
9.431
9.431
9.431
9.279
9.279
9.279
9.279
9.279
9.279
9.279
9.279
9.049
9.439
9.472
9.472
9.472
9.472
9.472
9.472
9.472
9.472
9.472
9.472
9.472
9.472
9.57
9.57
10.022
10.022
10.022
10.022
10.022
10.022
10.022
10.022
10.022
10.022
10.022
10.022
9.786
9.786
9.786
9.786
9.786
9.786
9.786
9.786
9.786
9.786
9.786
9.786
9.786
9.786
9.778
9.778
9.778
9.907
9.907
9.907
9.907
9.907
9.907
9.907
9.907
9.907
9.907
9.907
9.907
9.907
9.907
9.422
9.422
9.422
9.422
9.422
9.422
9.422
9.422
9.422
9.443
9.443
9.443
9.798
9.798
9.798
9.798
9.798
9.798
9.798
9.798
9.798
9.486
9.486
9.486
9.486
9.486
9.486
9.486
9.486
9.486
9.486
9.486
9.486
9.618
9.618
9.835
9.835
9.835
9.835
9.835
9.835
9.835
9.835
9.835
9.835
9.835
9.835
9.458
9.458
9.458
9.458
9.458
9.458
9.458
9.458
9.456
9.456
9.456
9.456
9.662
9.662
9.662
9.662
9.662
9.662
9.662
9.662
9.455
9.455
9.455
9.455
9.455
9.455
9.455
9.455
9.455
9.44
9.44
14.553
14.553
14.553
14.553
14.553
14.553
14.553
14.553
14.553
9.628
9.628
9.628
9.628
9.382
9.382
9.382
9.382
9.281
9.281
9.281
9.281
9.281
9.269
9.269
9.269
9.379
9.379
9.379
9.379
9.379
9.385
9.385
9.385
9.385
9.385
9.385
9.379
9.379
9.379
9.518
9.518
9.518
9.518
9.518
9.518
9.376
9.376
9.376
9.376
9.376
9.376
9.376
9.376
9.837
9.837
10.154
10.154
10.154
10.154
10.154
10.154
10.154
10.154
9.889
9.889
9.889
9.889
9.889
9.889
9.889
9.889
9.889
9.889
9.889
9.889
9.822
9.822
9.822
10.024
10.024
10.024
10.024
10.024
10.024
10.024
10.024
10.024
10.024
10.024
10.024
9.533
9.533
9.533
9.533
9.533
9.533
9.533
9.533
9.533
9.533
9.533
9.533
9.758
10.074
10.074
10.074
10.074
10.074
10.074
10.074
10.074
10.074
10.074
10.074
10.074
9.556
9.556
9.556
9.556
9.556
9.556
9.518
9.518
9.518
9.518
9.939
9.939
9.939
9.939
9.939
9.939
9.747
9.747
9.747
9.747
9.747
9.747
9.747
9.747
9.747
9.747
9.747
9.747
9.747
9.747
9.747
9.747
9.946
9.946
9.946
9.946
9.927
9.927
9.927
9.927
9.927
9.927
9.927
9.927
9.927
9.927
9.927
9.927
9.927
9.927
9.927
9.927
9.241
9.241
9.241
9.241
9.249
9.249
9.249
9.501
9.501
9.501
9.501
9.52
9.52
9.52
9.52
9.52
9.52
9.52
9.52
9.52
9.529
9.529
9.529
9.45
9.45
9.45
9.45
9.45
9.45
9.45
9.45
9.45
9.249
9.249
9.249
9.298
9.298
9.357
9.357
9.357
9.145
9.145
9.145
9.145
9.145
9.528
9.528
9.528
9.255
9.255
9.16
9.177
9.177
9.154
9.154
9.216
9.216
9.157
9.157
9.157
9.157
9.157
9.194
9.195
9.195
9.195
9.195
9.195
9.092
9.076
9.316
9.468
9.468
9.468
9.468
9.468
9.468
9.468
9.468
9.468
9.45
9.45
9.45
9.608
9.608
9.608
9.608
9.608
9.608
9.608
9.608
9.608
9.27
9.27
9.27
9.27
9.27
9.27
9.27
9.26
9.236
9.236
9.236
9.236
9.236
9.236
9.236
8.984
8.988
9.011
9.005
9.011
9.035
9.041
9.015
9.041
9.169
9.045
9.042
9.24
9.319
9.319
9.319
9.319
9.319
9.319
9.362
9.362
9.362
9.253
9.253
9.253
9.253
9.253
9.253
9.026
14.867
9.324
9.283
9.283
9.283
9.283
9.283
9.283
9.283
9.308
9.362
9.362
9.362
9.362
9.362
9.362
9.362
9.36
9.264
9.264
9.264
9.173
9.283
9.283
9.283
9.265
9.265
9.265
9.18
9.18
9.18
9.18
9.198
9.182
9.182
9.182
9.182
9.084
9.084
9.065
9.065
9.357
9.398
9.149
9.149
9.149
9.158
9.158
9.282
9.282
9.282
9.254
9.254
9.254
9.254
9.254
9.254
9.324
9.324
9.324
9.461
9.461
9.461
9.461
9.461
9.461
9.332
9.332
9.332
9.332
9.332
9.332
9.343
9.343
9.343
9.504
9.504
9.504
9.504
9.504
9.504
9.4
9.4
9.4
9.4
9.4
9.4
9.4
9.4
9.398
9.398
9.398
9.606
9.606
9.606
9.606
9.606
9.606
9.606
9.606
9.354
9.354
9.354
9.354
9.354
9.37
9.37
9.37
9.37
9.342
9.342
9.342
9.342
9.342
9.297
9.297
9.297
9.297
9.245
9.245
9.245
9.17
9.17
9.17
9.17
9.102
9.102
9.102
9.149
9.149
9.105
9.105
9.105
9.049
9.046
9.046
8.993
8.997
9.066
9.086
9.191
9.191
9.2
9.2
9.302
9.302
9.302
9.302
9.302
9.206
9.206
9.206
9.206
9.206
9.118
9.118
9.105
9.105
9.152
9.152
9.173
9.173
9.173
9.173
9.209
9.209
9.209
9.198
9.198
9.198
9.198
9.063
9.063
9.063
9.323
9.409
9.409
9.409
9.22
9.22
9.22
9.22
9.22
9.22
9.259
9.243
9.243
9.243
9.243
9.243
9.243
9.129
9.129
9.356
9.356
9.281
9.281
9.281
9.281
9.156
9.469
9.469
9.469
9.469
9.356
9.356
9.356
9.356
9.356
9.331
9.331
9.331
9.516
9.516
9.516
9.516
9.516
9.416
9.416
9.416
9.416
9.416
9.416
9.416
9.416
9.416
9.488
9.488
9.488
9.6
9.6
9.6
9.6
9.6
9.6
9.6
9.6
9.6
9.398
9.398
9.398
9.398
9.398
9.398
9.398
9.438
9.438
9.438
9.28
9.28
9.28
9.28
9.28
9.28
9.28
9.276
9.227
9.227
9.227
9.227
9.227
9.227
9.227
9.227
9.271
9.42
9.42
9.42
9.42
9.42
9.42
9.42
9.42
9.289
9.289
9.289
9.289
9.289
9.623
9.623
9.623
9.286
9.286
9.286
9.286
9.286
9.306
9.455
9.455
9.455
9.455
9.455
9.455
9.455
9.455
9.455
9.579
9.579
9.579
9.579
9.579
9.762
9.762
9.762
9.762
9.762
9.762
9.762
9.762
9.762
9.47
9.47
9.47
9.47
9.47
9.47
9.47
9.47
9.47
9.47
9.47
9.484
9.484
9.484
9.687
9.687
9.687
9.687
9.687
9.687
9.687
9.687
9.687
9.687
9.687
9.695
9.695
9.695
9.695
9.695
9.695
9.695
9.695
9.695
9.742
9.742
9.742
9.742
9.742
9.742
9.742
9.742
9.742
9.455
9.455
9.455
9.455
9.455
9.455
9.455
9.455
9.455
9.455
9.455
9.55
9.55
9.55
10.159
10.159
10.159
10.159
10.159
10.159
10.159
10.159
10.159
10.159
10.159
9.376
9.376
9.376
9.376
9.376
9.376
9.376
9.376
9.413
9.413
9.413
9.587
9.587
9.587
9.587
9.587
9.587
9.587
9.587
9.62
9.62
9.62
9.62
9.62
9.62
9.62
9.62
9.613
9.613
9.613
9.613
9.613
9.613
9.613
9.613
9.724
9.724
9.724
9.724
9.724
9.724
9.724
9.724
9.724
9.724
9.441
9.441
9.441
9.441
9.441
9.441
9.441
9.441
9.441
9.441
9.118
9.118
9.118
9.296
9.296
9.296
9.27
9.27
9.27
9.27
9.27
9.27
9.27
9.307
9.307
9.317
9.317
9.317
9.317
9.317
9.317
9.317
8.959
8.943
9.037
9.066
9.066
9.066
9.199
9.13
9.13
9.13
9.049
9.004
9
9.087
9.09
9.09
9.09
9.072
9.083
9.083
9.083
9.002
9.043
9.159
9.159
9.159
9.143
9.143
9.143
9.122
9.122
9.138
9.138
9.138
9.331
9.331
9.303
9.303
9.303
9.303
9.303
9.303
9.303
9.309
9.309
9.309
9.686
9.686
9.686
9.686
9.686
9.686
9.686
9.348
9.348
9.348
9.348
9.348
9.348
9.348
9.348
9.348
9.348
9.348
9.458
15.253
15.253
15.253
15.253
15.253
15.253
15.253
15.253
15.253
15.253
15.253
14.251
14.251
14.251
14.251
14.251
14.251
9.628
9.628
9.733
9.733
9.733
9.733
9.733
9.733
9.654
9.654
9.654
9.654
9.654
9.654
9.654
9.654
9.654
9.654
9.654
9.654
9.714
9.714
9.714
9.714
9.714
9.811
9.811
9.811
9.811
9.811
9.811
9.811
9.811
9.811
9.811
9.811
9.811
9.339
9.339
9.339
9.339
9.339
9.339
9.339
9.339
9.39
9.39
9.812
9.812
9.812
9.812
9.812
9.812
9.812
9.812
9.749
9.749
9.749
9.749
9.749
9.749
9.749
9.749
9.749
9.749
9.749
9.749
9.807
9.807
9.807
9.807
9.807
9.807
9.807
9.807
9.631
9.631
9.631
9.631
9.631
9.631
9.631
9.631
9.631
9.631
9.631
9.631
9.36
9.36
9.36
9.36
9.36
9.325
9.325
9.325
9.325
9.325
9.283
9.283
9.283
9.283
9.283
9.321
9.321
9.321
9.321
9.306
9.306
9.306
9.306
9.306
9.307
9.307
9.307
9.307
9.307
9.462
9.462
9.462
9.462
9.462
9.466
9.466
9.466
9.466
9.466
9.466
9.466
9.466
9.491
9.491
9.491
9.491
9.491
9.491
9.344
9.344
9.344
9.344
9.344
9.344
9.344
9.344
9.163
9.163
9.163
9.18
9.18
9.18
9.157
9.157
9.157
9.229
9.229
9.229
9.217
9.217
9.217
9.217
9.217
9.238
9.238
9.288
9.288
9.288
9.288
9.288
13.769
13.769
13.769
13.769
9.483
9.483
9.376
9.376
9.376
9.376
9.305
9.305
9.305
9.305
9.305
9.218
9.218
9.218
9.218
9.218
9.179
9.179
9.179
9.215
9.215
9.215
9.125
9.125
9.125
9.067
9.067
9.018
9.018
9.025
8.991
8.996
9.167
9.189
9.189
9.189
9.189
9.189
9.243
9.243
9.361
9.361
9.361
9.361
9.361
9.447
9.447
9.447
9.447
9.447
9.447
9.307
9.307
9.307
9.307
9.307
9.307
9.149
9.149
9.182
9.182
9.331
9.331
9.331
9.331
9.428
9.428
9.428
9.428
9.309
9.309
9.309
9.309
9.309
9.297
9.297
9.53
9.53
9.53
9.53
9.53
9.265
9.265
9.265
9.265
9.265
9.265
9.35
9.347
9.347
9.347
9.347
9.347
9.347
9.048
9.016
9.296
9.085
9.058
9.161
9.316
9.316
9.316
9.316
9.316
9.189
9.189
9.189
9.189
9.189
9.13
9.12
9.12
9.12
9.315
9.286
9.286
9.286
9.286
9.286
9.286
9.286
9.286
9.286
9.388
9.709
9.709
9.709
9.709
9.709
9.709
9.709
9.709
9.709
9.481
9.481
9.481
9.481
9.481
9.481
9.481
9.481
9.481
9.494
9.494
9.494
9.475
9.475
9.475
9.475
9.475
9.475
9.475
9.475
9.475
9.11
9.11
9.11
9.14
9.295
9.295
9.295
9.234
9.234
9.234
9.234
9.234
9.283
9.283
9.428
9.428
9.428
9.428
9.428
9.179
9.179
9.179
9.179
9.153
9.153
9.308
9.308
9.308
9.308
9.377
9.377
9.377
9.377
9.377
9.489
9.489
9.489
9.489
9.489
9.308
9.308
9.308
9.308
9.308
9.308
9.308
9.308
9.308
9.353
9.513
9.513
9.513
9.513
9.513
9.513
9.513
9.513
9.513
9.356
9.356
9.356
9.356
9.356
9.419
9.419
9.419
9.419
9.419
9.246
9.246
9.246
9.246
9.246
9.246
9.246
9.246
9.307
9.303
9.303
9.303
9.303
9.303
9.303
9.303
9.303
9.042
9.167
9.154
9.154
9.154
9.154
9.154
9.197
9.197
9.372
9.372
9.372
9.372
9.372
9.199
9.199
9.199
9.199
9.199
9.199
9.199
9.258
9.423
9.423
9.423
9.423
9.423
9.423
9.423
9.183
9.183
9.183
9.183
9.183
9.183
9.323
9.323
9.402
9.402
9.402
9.402
9.402
9.402
9.174
9.174
9.174
9.174
9.174
9.182
9.313
9.313
9.313
9.313
9.313
9.257
9.257
9.257
9.257
9.257
9.262
9.262
9.262
9.67
9.67
9.67
9.67
9.67
9.452
9.452
9.452
9.452
9.452
9.452
9.452
9.452
9.452
9.452
9.452
9.452
9.452
9.576
9.513
9.513
9.513
9.513
9.513
9.513
9.513
9.513
9.513
9.513
9.513
9.513
9.513
9.346
9.582
9.582
9.582
9.582
9.582
9.582
9.582
9.582
9.582
9.582
9.728
9.728
9.728
9.86
9.86
9.86
9.86
9.86
9.86
9.86
9.86
9.86
9.86
9.324
9.324
9.324
9.324
9.324
9.324
9.324
9.324
9.324
9.324
9.324
9.403
9.389
9.389
9.389
9.389
9.389
9.389
9.389
9.389
9.389
9.389
9.389
9.303
9.523
9.523
9.523
9.523
9.523
9.523
9.523
9.523
9.523
9.528
9.528
9.533
9.533
9.533
9.533
9.533
9.533
9.533
9.533
9.533
9.175
9.175
9.175
9.175
9.196
9.196
9.196
9.196
9.657
9.657
9.657
9.657
9.544
9.544
9.544
9.544
9.544
9.544
9.544
9.544
9.544
9.544
9.544
9.544
9.544
9.544
9.544
9.657
9.657
9.657
9.709
9.709
9.709
9.709
9.709
9.709
9.709
9.709
9.709
9.709
9.709
9.709
9.709
9.709
9.709
9.278
9.278
9.278
9.278
9.278
9.291
9.291
9.291
9.291
9.477
9.477
9.477
9.477
9.477
9.343
9.343
9.343
9.343
9.343
9.343
9.343
9.343
9.343
9.372
9.509
9.509
9.509
9.509
9.509
9.509
9.509
9.509
9.509
9.438
9.438
9.438
9.438
9.438
9.438
9.452
9.452
9.452
9.452
9.452
9.642
9.642
9.642
9.642
9.642
9.642
9.461
9.461
9.461
9.461
9.461
9.461
9.461
9.461
9.461
9.461
9.461
9.52
9.52
9.579
9.579
9.579
9.579
9.579
9.579
9.579
9.579
9.579
9.579
9.579
9.231
9.231
9.231
9.231
9.187
9.187
9.413
9.413
9.413
9.413
9.667
9.667
9.667
9.667
9.667
9.667
9.667
9.667
9.548
9.548
9.548
9.548
9.548
9.548
9.548
9.548
9.07
9.717
9.413
9.413
9.413
9.413
9.413
9.413
9.413
9.413
9.413
9.668
9.668
9.734
9.734
9.734
9.734
9.734
9.734
9.734
9.734
9.734
9.22
9.22
9.22
9.22
9.22
9.217
9.217
9.425
9.425
9.425
9.425
9.425
9.284
9.284
9.284
9.284
9.284
9.284
9.284
9.335
9.36
9.36
9.36
9.36
9.36
9.36
9.36
9.224
9.224
9.224
9.148
9.148
9.148
8.991
9.056
9.07
9.07
9.134
9.134
9.03
9.03
9.092
9.015
9.015
9
9.158
9.197
9.197
9.197
9.197
9.197
9.254
9.254
9.226
9.226
9.226
9.226
9.226
9.097
9.097
9.119
9.119
9.112
9.096
9.096
9.399
9.67
9.67
9.67
9.67
9.67
9.67
9.67
9.67
9.67
9.555
9.555
9.555
9.555
9.407
9.407
9.407
9.407
9.407
9.407
9.407
9.407
9.407
9.287
9.345
9.373
9.373
9.373
9.373
9.373
9.373
9.373
9.373
9.382
9.382
9.382
9.382
9.584
9.584
9.584
9.584
9.584
9.584
9.584
9.584
9.268
9.268
9.268
9.268
9.268
9.268
9.263
9.403
9.403
9.403
9.403
9.403
9.403
9.436
9.436
9.436
9.436
9.436
9.436
9.203
9.203
9.203
9.203
9.203
9.203
9.016
9.163
9.218
9.218
9.218
9.218
9.218
9.243
9.243
9.434
9.434
9.434
9.434
9.434
9.546
9.546
9.546
9.546
9.546
9.546
9.546
9.799
9.799
9.799
9.799
9.799
9.799
9.799
9.638
9.638
9.638
9.638
9.638
9.638
9.638
9.638
9.638
9.638
9.638
9.703
9.703
9.703
9.703
9.703
9.5
9.5
9.5
9.5
9.5
9.5
9.5
9.5
9.5
9.5
9.5
9.075
9.546
9.516
9.516
9.516
9.516
9.516
9.516
9.516
9.516
9.516
9.516
9.516
9.516
9.516
9.631
9.637
9.637
9.637
9.637
9.637
9.637
9.637
9.637
9.637
9.637
9.637
9.637
9.637
9.084
9.084
9.084
9.121
9.127
9.127
9.127
9.37
9.388
9.388
9.388
9.388
9.388
9.388
9.388
9.388
9.388
9.448
9.448
9.428
9.428
9.428
9.428
9.428
9.428
9.428
9.428
9.428
9.101
9.101
9.073
9.039
9.039
9.162
9.175
9.175
9.175
9.175
9.175
9.175
9.251
9.453
9.453
9.453
9.453
9.453
9.453
9.352
9.352
9.352
9.352
9.352
9.352
9.352
9.391
9.391
9.391
9.391
9.267
9.267
9.267
9.267
9.267
9.267
9.267
13.457
9.509
9.676
9.676
9.676
9.676
9.676
9.676
9.676
9.676
9.676
9.676
9.676
9.676
9.676
9.676
9.738
9.738
9.738
9.824
9.824
9.824
9.824
9.824
9.824
9.824
9.824
9.824
9.824
9.824
9.824
9.824
9.824
9.23
9.23
9.23
9.23
9.23
9.23
9.348
9.348
9.596
9.596
9.596
9.596
9.596
9.596
9.485
9.485
9.485
9.485
9.485
9.485
9.485
9.485
9.467
9.467
9.467
9.467
9.467
9.388
9.388
9.388
9.388
9.388
9.388
9.388
9.388
9.135
9.135
9.135
9.135
9.15
9.156
9.156
9.156
9.156
9.039
9.087
9.144
9.144
9.144
9.174
9.174
9.197
9.197
9.197
9.211
9.211
9.211
9.211
9.256
9.256
9.256
9.202
9.202
9.202
9.202
9.129
9.129
9.129
9.255
9.255
9.385
9.385
9.385
9.333
9.333
9.333
9.333
9.333
9.333
9.333
9.3
9.3
9.452
9.452
9.452
9.452
9.452
9.452
9.452
9.258
9.258
9.258
9.292
9.292
9.292
9.157
9.157
9.157
9.157
9.157
9.245
9.432
9.432
9.432
9.432
9.432
9.3
9.3
9.3
9.3
9.3
9.3
9.3
9.3
9.283
9.482
9.482
9.482
9.482
9.482
9.482
9.482
9.482
9.2
9.2
9.2
9.2
9.267
9.267
9.448
9.448
9.448
9.448
9.395
9.395
9.395
9.395
9.395
9.395
9.395
9.395
9.395
9.417
9.587
9.587
9.587
9.587
9.587
9.587
9.587
9.587
9.587
9.358
9.358
9.358
9.358
9.358
9.358
9.388
9.388
9.388
9.388
9.388
9.431
9.431
9.431
9.431
9.431
9.431
9.361
9.361
9.361
9.361
9.361
9.361
9.361
9.325
9.325
9.325
9.39
9.39
9.39
9.39
9.39
9.39
9.39
9.275
9.275
9.275
9.275
9.275
9.275
9.334
9.334
9.334
9.47
9.47
9.47
9.47
9.47
9.47
9.258
9.258
9.258
9.258
9.258
9.258
9.258
9.258
9.306
9.541
9.541
9.541
9.541
9.541
9.541
9.541
9.541
9.311
9.311
9.311
9.311
9.311
9.311
9.311
9.311
9.344
9.344
9.344
9.654
9.654
9.654
9.654
9.654
9.654
9.654
9.654
9.38
9.38
9.38
9.38
9.38
9.38
9.38
9.38
9.396
9.396
9.529
9.529
9.529
9.529
9.529
9.529
9.529
9.529
9.191
9.191
9.191
9.191
9.191
9.191
9.25
9.418
9.418
9.418
9.418
9.418
9.418
9.22
9.22
9.22
9.22
9.22
9.22
9.22
9.264
9.488
9.488
9.488
9.488
9.488
9.488
9.488
9.266
9.266
9.266
9.266
9.266
9.266
9.262
9.262
9.333
9.333
9.333
9.333
9.333
9.333
9.147
9.147
9.147
9.147
9.123
9.243
9.243
9.243
9.243
9.267
9.267
9.267
9.267
9.224
9.224
9.224
9.224
9.171
9.171
9.171
9.176
9.176
9.176
9.276
9.276
9.276
9.179
9.179
9.179
9.179
9.179
9.179
9.289
9.521
9.521
9.521
9.521
9.521
9.521
9.249
9.249
9.249
9.249
9.249
9.249
9.249
9.249
9.29
9.349
9.349
9.349
9.349
9.349
9.349
9.349
9.349
9.118
9.216
9.216
9.182
9.182
9.182
9.117
9.117
9.13
9.13
9.089
9.089
9.126
9.168
9.168
9.168
9.168
9.216
9.216
9.295
9.295
9.295
9.295
9.328
9.328
9.328
9.328
9.336
9.336
9.336
9.336
9.248
9.248
9.248
9.248
9.248
9.218
9.257
9.257
9.257
9.257
9.257
9.079
9.079
9.065
9.266
9.266
9.286
9.286
9.286
9.286
9.175
9.175
9.175
9.175
9.112
9.112
9.408
9.408
9.281
9.281
9.281
9.281
9.281
9.281
9.281
9.281
9.405
9.55
9.55
9.55
9.55
9.55
9.55
9.55
9.55
9.35
9.35
9.35
9.35
9.283
9.283
9.283
9.283
9.027
9.027
9.059
9.126
9.126
9.029
9.02
9.009
8.988
8.995
8.988
9.096
9.204
9.204
9.204
9.204
9.169
9.169
9.169
9.169
9.076
9.115
9.156
9.156
9.156
9.149
9.149
9.096
9.096
9.096
9.069
9.027
9.034
9.336
9.476
9.476
9.476
9.476
9.476
9.476
9.446
9.446
9.446
9.446
9.446
9.446
9.24
9.24
9.24
9.24
9.24
9.24
9.24
9.279
9.279
9.337
9.337
9.337
9.337
9.337
9.337
9.337
9.208
9.208
9.208
9.208
9.25
9.25
9.25
9.25
9.238
9.238
9.238
9.238
9.238
9.278
9.278
9.278
9.278
9.377
9.377
9.377
9.377
9.377
9.499
9.499
9.499
9.499
9.499
9.499
9.499
9.488
9.488
9.488
9.488
9.488
9.488
9.488
9.322
9.322
9.322
9.322
9.322
9.362
9.362
9.362
9.227
9.227
9.227
9.227
9.227
9.097
9.39
9.602
9.602
9.602
9.602
9.602
9.602
9.602
9.602
9.602
9.627
9.627
9.627
9.627
9.627
9.627
9.343
9.343
9.343
9.343
9.343
9.343
9.343
9.343
9.343
9.032
9.187
9.355
9.355
9.355
9.355
9.355
9.479
9.479
9.479
9.479
9.479
9.034
9.034
9.484
9.262
9.262
9.315
9.315
9.315
9.315
9.225
9.225
9.225
9.225
9.055
9.055
9.14
9.175
9.175
9.208
9.208
9.208
9.118
9.118
9.118
9.051
9.074
9.041
9.191
9.192
9.192
9.192
9.192
9.192
9.284
9.284
9.319
9.319
9.319
9.319
9.319
9.202
9.202
9.202
9.246
9.246
9.246
9.135
9.135
9.135
9.135
9.125
9.148
9.148
9.148
9.148
9.048
9.122
9.221
9.221
9.221
9.221
9.253
9.253
9.253
9.154
9.154
9.154
9.154
8.998
9.36
9.388
9.388
9.388
9.388
9.388
9.388
9.388
9.388
9.388
9.388
9.433
9.433
9.637
9.637
9.637
9.637
9.637
9.637
9.637
9.637
9.637
9.637
9.278
9.278
9.278
9.278
9.278
9.278
9.278
9.278
9.328
9.361
9.361
9.361
9.361
9.361
9.361
9.361
9.361
9.185
9.185
9.185
9.282
9.282
9.282
9.175
9.175
9.175
9.073
9.047
9.053
9.071
9.08
9.018
9.029
8.982
9.049
9.053
9.019
9.193
9.399
9.399
9.399
9.399
9.399
9.399
9.448
9.448
9.448
9.448
9.448
9.448
9.238
9.238
9.238
9.238
9.238
9.238
9.002
9.014
9.019
9.064
9.045
9.045
8.978
8.992
8.995
9.01
8.996
9.106
9.164
9.164
9.164
9.164
9.169
9.144
9.144
9.144
9.144
9.065
9.065
9.031
9.031
9.062
9.062
9.048
9.048
13.568
13.568
9.129
9.129
9.133
9.133
9.133
9.055
9.055
9.055
9.091
9.076
9.076
9.076
9.076
9.257
9.166
9.166
9.166
9.166
9.003
9
8.977
9.018
9.093
9.093
9.136
9.075
9.075
9.017
9.102
9.062
9.162
9.162
9.162
9.192
9.192
9.192
9.095
9.095
9.095
8.99
8.981
8.993
9.135
9.088
9.088
9.073
9.073
9.18
9.18
9.054
9.035
9.035
8.981
9.029
9.029
9.038
9.038
9.04
9.089
9.368
9.574
9.574
9.574
9.574
9.574
9.574
9.432
9.432
9.432
9.333
9.333
9.333
9.333
9.333
9.333
9.345
9.345
9.345
9.301
9.301
9.301
9.356
9.356
9.356
9.356
9.356
9.356
9.356
9.367
9.367
9.367
9.367
9.259
9.259
9.259
9.259
9.259
9.259
9.259
9.051
9.051
9.256
9.256
9.276
9.276
9.276
9.276
9.276
9.276
9.276
9.24
9.24
9.241
9.241
9.241
9.241
9.241
9.241
9.241
8.925
9.003
9.071
9.071
9.087
9.062
9.062
9.069
9.069
9.177
9.177
9.177
9.153
9.153
9.153
9.153
9.041
9.041
9.041
8.943
8.969
8.972
9.16
9.207
9.207
9.207
9.207
9.157
9.157
9.157
9.157
9.075
9.075
9.075
9.09
9.09
9.08
9.08
9.08
8.98
8.98
9.045
9.057
9.057
9.001
9.042
9.063
9.063
8.973
8.994
9.11
9.235
9.235
9.235
9.235
9.119
9.119
9.119
9.119
8.985
9.115
9.187
9.187
9.187
9.187
9.187
9.195
9.195
9.195
9.254
9.254
9.254
9.254
9.254
9.123
9.123
9.123
9.123
9.123
9.189
9.126
9.126
9.126
9.126
9.126
9.017
8.984
8.982
8.98
9.671
16.164
16.164
16.164
16.164
16.164
16.164
16.164
16.164
16.164
16.164
16.164
16.164
16.164
16.164
16.164
16.164
16.164
16.164
10.553
10.553
10.553
10.553
10.166
10.166
10.166
10.166
10.166
10.166
10.166
10.166
10.166
10.166
10.166
10.166
10.166
10.166
10.166
10.166
10.166
10.166
9.016
8.967
8.985
17.151
17.399
17.399
17.399
17.399
9.258
9.258
9.258
9.252
9.252
9.252
9.252
9.248
9.248
9.248
9.223
9.223
9.223
9.223
9.304
9.304
9.304
9.391
9.391
9.391
9.391
9.391
9.274
9.274
9.274
9.274
9.274
9.072
9.072
9.027
8.99
8.99
8.971
9.106
9.172
9.172
9.172
9.076
9.076
9.076
9.009
8.98
8.959
9.003
9.008
9.01
9.343
9.761
9.761
9.761
9.761
9.761
9.761
9.761
9.761
9.761
9.402
9.402
9.402
9.402
9.402
9.402
9.402
9.402
9.402
9.046
9.046
9.059
9.059
9.048
9.048
8.977
9.026
9.028
9.028
9.007
9.002
9.016
9.008
9.327
9.479
9.479
9.479
9.479
9.479
9.479
9.479
9.479
9.479
9.455
9.455
9.455
9.455
9.333
9.333
9.333
9.333
9.333
9.333
9.333
9.333
9.333
13.163
9.408
9.408
9.136
9.105
9.105
9.071
9.08
9.08
9.092
9.047
9.122
9.133
9.133
9.133
9.133
9.148
9.148
9.118
9.118
9.118
9.118
9.034
9.058
9.105
9.118
9.118
9.118
9.48
9.226
9.226
9.226
9.026
9.084
9.108
9.108
9.088
9.084
9.084
9.031
9.035
9.131
9.123
9.123
9.123
9.167
9.164
9.164
9.164
9.088
9.004
8.972
9.139
8.971
9.103
9.211
9.211
9.211
9.211
9.244
9.244
9.244
9.106
9.106
9.106
9.106
8.961
8.979
8.969
9.177
9.204
9.204
9.204
9.204
9.204
9.204
9.24
9.204
9.204
9.204
9.204
9.204
9.204
9.019
9.016
9.016
9.023
8.981
8.964
9.003
9.026
9.026
9.18
9.201
9.201
9.201
9.201
9.201
9.201
9.203
9.31
9.31
9.31
9.31
9.31
9.31
9.124
9.124
9.124
9.124
9.145
9.145
9.17
9.17
9.17
9.17
9.256
9.583
9.583
9.583
9.157
9.251
9.251
9.251
9.251
9.098
9.098
9.098
9.098
8.993
9.026
9.042
9.042
9.04
9.04
9.002
9.002
9.018
9.029
9.029
8.959
8.988
9.215
9.134
9.134
9.134
9.134
9.018
9.076
9.056
9.056
9.008
9.088
9.152
9.152
9.152
9.174
9.174
9.197
9.197
9.197
9.078
9.118
9.209
9.209
9.3
9.3
9.3
9.3
9.239
9.239
9.239
9.239
9.145
9.145
9.145
9.209
9.717
9.717
9.717
9.022
9.047
9.022
9.03
9.034
9.036
9.015
9.034
9.082
9.082
9.075
9.169
9.169
9.164
9.164
9.164
9.164
9.226
9.226
9.244
9.244
9.244
9.244
9.093
9.093
9.093
9.097
9.166
9.166
9.166
9.152
9.152
9.152
9.192
9.192
9.192
9.194
9.194
9.194
9.124
9.124
9.124
9.124
9.202
9.291
9.291
9.291
9.291
9.311
9.311
9.311
9.311
9.311
9.27
9.27
9.27
9.265
9.265
9.265
9.265
9.265
9.255
9.255
9.255
9.255
9.326
9.326
9.326
9.326
9.24
9.24
9.24
9.24
9.24
9.24
9.295
9.295
9.341
9.341
9.341
9.341
9.341
9.341
9.1
9
9.126
9.15
9.15
9.15
9.15
9.168
9.572
9.572
9.572
9.572
9.487
9.487
9.487
9.487
9.487
9.487
9.487
9.487
9.487
9.487
9.487
9.487
9.564
9.564
9.625
9.625
9.625
9.625
9.625
9.625
9.625
9.625
9.625
9.625
9.625
9.625
9.247
9.247
9.247
9.247
9.185
9.316
9.316
9.316
9.316
9.239
9.239
9.239
9.239
9.239
9.239
9.25
9.25
9.263
9.263
9.263
9.263
9.263
9.263
9.051
9.051
9.051
9.118
9.489
9.489
9.489
9.412
9.412
9.412
9.412
9.412
9.412
9.412
9.412
9.412
9.412
9.412
9.413
9.545
9.545
9.545
9.545
9.545
9.545
9.545
9.545
9.545
9.545
9.545
9.268
9.268
9.268
9.268
17.633
17.633
17.633
17.633
9.353
9.353
9.353
9.353
9.151
9.151
9.151
9.151
9.038
9.026
9.099
9.099
9.483
9.483
9.142
9.142
9.142
9.142
9.15
9.247
9.247
9.247
9.247
9.176
9.176
9.176
9.267
9.267
9.267
9.12
9.12
9.12
9.12
9.12
9.178
9.408
9.408
9.408
9.408
9.408
9.416
9.416
9.416
9.416
9.416
9.416
9.396
9.396
9.396
9.396
9.396
9.396
9.184
9.184
9.184
9.184
9.184
9.167
9.232
9.232
9.232
9.232
9.232
9.182
9.182
9.182
9.271
9.271
9.271
9.55
9.55
9.55
9.55
9.55
9.55
9.275
9.275
9.314
9.314
9.314
9.314
9.314
9.314
9.233
9.233
9.233
9.264
9.264
9.264
9.351
9.351
9.351
9.351
9.351
9.232
9.232
9.232
9.215
9.215
9.215
9.215
9.215
9.07
9.07
9.02
9.025
9.025
